0 0
1 143
2 144
3 118
4 156
5 149
6 103
7 132
8 149
9 132
10 137
11 171
12 148
13 143
14 123
15 151
16 142
17 136
18 151
19 155
20 143
21 161
22 139
23 131
24 137
25 147
26 148
27 166
28 125
29 158
30 143
31 160
32 220
33 135
34 82
35 122
36 157
37 173
38 154
39 143
40 147
41 143
42 153
43 134
44 142
45 132
46 127
47 153
48 146
49 156
50 147
51 156
52 137
53 173
54 158
55 136
56 145
57 161
58 148
59 148
60 118
61 154
62 157
63 139
64 124
65 172
66 123
67 151
68 140
69 157
70 146
71 154
72 139
73 97
74 135
75 138
76 153
77 146
78 144
79 142
80 151
81 191
82 132
83 118
84 131
85 142
86 140
87 155
88 161
89 149
90 129
91 152
92 127
93 131
94 158
95 127
96 128
97 156
98 162
99 174
100 123
101 163
102 143
103 158
104 122
105 120
106 137
107 170
108 137
109 168
110 139
111 151
112 144
113 139
114 158
115 149
116 185
117 149
118 131
119 146
120 157
121 164
122 161
123 140
124 157
125 136
126 133
127 147
128 138
129 148
130 169
131 107
132 165
133 172
134 110
135 131
136 132
137 133
138 154
139 157
140 182
141 145
142 159
143 139
144 141
145 151
146 137
147 161
148 150
149 137
150 174
151 157
152 147
153 145
154 148
155 166
156 152
157 154
158 143
159 103
160 118
161 174
162 167
163 172
164 157
165 163
166 149
167 152
168 142
169 152
170 167
171 117
172 157
173 176
174 160
175 123
176 144
177 170
178 162
179 126
180 131
181 143
182 137
183 125
184 157
185 162
186 159
187 144
188 162
189 152
190 159
191 150
192 165
193 143
194 131
195 119
196 147
197 166
198 109
199 167
200 150
201 135
202 128
203 154
204 132
205 143
206 137
207 143
208 152
209 126
210 167
211 156
212 135
213 154
214 150
215 173
216 149
217 110
218 149
219 157
220 141
221 184
222 145
223 112
224 152
225 174
226 148
227 168
228 140
229 150
230 150
231 147
232 148
233 123
234 138
235 138
236 155
237 116
238 138
239 138
240 125
241 117
242 126
243 158
244 150
245 89
246 145
247 139
248 166
249 104
250 149
251 138
252 132
253 174
254 118
255 181
256 156
257 123
258 210
259 153
260 146
261 139
262 147
263 160
264 154
265 175
266 157
267 124
268 138
269 139
270 156
271 170
272 115
273 155
274 124
275 147
276 138
277 153
278 176
279 150
280 138
281 152
282 133
283 150
284 162
285 167
286 128
287 142
288 118
289 164
290 131
291 166
292 126
293 154
294 169
295 134
296 154
297 169
298 152
299 129
300 151
301 151
302 141
303 135
304 174
305 118
306 145
307 152
308 138
309 161
310 119
311 115
312 147
313 142
314 113
315 131
316 147
317 155
318 157
319 155
320 150
321 152
322 162
323 155
324 150
325 159
326 100
327 134
328 159
329 150
330 171
331 140
332 144
333 129
334 124
335 174
336 93
337 147
338 143
339 115
340 143
341 138
342 159
343 171
344 162
345 154
346 140
347 131
348 132
349 89
350 136
351 124
352 154
353 130
354 128
355 123
356 155
357 173
358 159
359 140
360 151
361 199
362 145
363 178
364 140
365 130
366 151
367 177
368 161
369 150
370 166
371 153
372 170
373 144
374 157
375 123
376 140
377 144
378 158
379 157
380 188
381 153
382 151
383 138
384 150
385 161
386 147
387 156
388 160
389 110
390 187
391 155
392 137
393 152
394 112
395 167
396 149
397 142
398 176
399 145
400 141
401 172
402 154
403 135
404 130
405 176
406 169
407 166
408 139
409 153
410 118
411 154
412 146
413 128
414 174
415 159
416 148
417 151
418 172
419 130
420 163
421 145
422 127
423 142
424 150
425 149
426 170
427 167
428 139
429 157
430 145
431 134
432 118
433 131
434 115
435 145
436 141
437 135
438 148
439 123
440 151
441 104
442 133
443 129
444 162
445 135
446 155
447 146
448 160
449 172
450 144
451 146
452 139
453 155
454 140
455 144
456 146
457 139
458 157
459 162
460 158
461 146
462 126
463 114
464 134
465 150
466 136
467 159
468 161
469 169
470 151
471 127
472 156
473 122
474 148
475 136
476 110
477 139
478 164
479 156
480 150
481 168
482 112
483 176
484 145
485 151
486 149
487 155
488 142
489 133
490 171
491 142
492 156
493 137
494 128
495 169
496 177
497 183
498 129
499 142
500 130
501 127
502 144
503 151
504 141
505 181
506 141
507 141
508 164
509 170
510 165
511 149
512 140
513 143
514 152
515 121
516 137
517 173
518 126
519 164
520 151
521 165
522 136
523 142
524 139
525 153
526 155
527 162
528 158
529 147
530 150
531 160
532 156
533 150
534 162
535 129
536 150
537 104
538 144
539 131
540 192
541 161
542 160
543 146
544 158
545 150
546 144
547 142
548 145
549 146
550 171
551 130
552 141
553 132
554 136
555 161
556 145
557 102
558 153
559 124
560 152
561 159
562 154
563 156
564 126
565 148
566 149
567 114
568 184
569 143
570 135
571 107
572 148
573 142
574 143
575 166
576 165
577 139
578 185
579 139
580 201
581 150
582 185
583 141
584 117
585 157
586 169
587 156
588 152
589 155
590 147
591 142
592 136
593 154
594 144
595 117
596 150
597 111
598 143
599 145
600 148
601 122
602 150
603 146
604 151
605 148
606 143
607 171
608 154
609 167
610 118
611 137
612 156
613 170
614 131
615 134
616 150
617 181
618 179
619 172
620 156
621 125
622 149
623 169
624 151
625 144
626 152
627 161
628 158
629 98
630 146
631 163
632 170
633 158
634 163
635 124
636 148
637 125
638 127
639 145
640 113
641 165
642 125
643 176
644 156
645 164
646 148
647 128
648 127
649 151
650 150
651 145
652 165
653 147
654 151
655 156
656 133
657 148
658 180
659 156
660 128
661 144
662 132
663 150
664 143
665 166
666 151
667 131
668 157
669 148
670 121
671 146
672 148
673 143
674 182
675 145
676 131
677 142
678 137
679 163
680 143
681 148
682 153
683 140
684 120
685 135
686 128
687 159
688 179
689 175
690 143
691 129
692 135
693 146
694 153
695 142
696 130
697 123
698 165
699 127
700 177
701 173
702 145
703 191
704 160
705 152
706 120
707 174
708 158
709 142
710 151
711 149
712 186
713 166
714 161
715 183
716 183
717 177
718 155
719 125
720 150
721 156
722 148
723 157
724 148
725 161
726 154
727 132
728 164
729 161
730 100
731 171
732 109
733 146
734 130
735 109
736 149
737 132
738 132
739 155
740 151
741 168
742 149
743 142
744 161
745 135
746 144
747 160
748 145
749 174
750 141
751 127
752 161
753 171
754 148
755 124
756 135
757 123
758 168
759 149
760 173
761 105
762 149
763 145
764 137
765 123
766 164
767 147
768 157
769 143
770 111
771 132
772 114
773 171
774 149
775 158
776 158
777 177
778 135
779 115
780 186
781 143
782 130
783 145
784 155
785 150
786 163
787 134
788 135
789 134
790 146
791 111
792 171
793 146
794 163
795 156
796 135
797 132
798 155
799 183
800 138
801 142
802 128
803 190
804 146
805 150
806 150
807 155
808 140
809 135
810 130
811 115
812 132
813 125
814 133
815 131
816 141
817 163
818 133
819 138
820 193
821 145
822 170
823 127
824 137
825 148
826 153
827 130
828 156
829 150
830 142
831 136
832 155
833 121
834 128
835 125
836 127
837 128
838 112
839 123
840 156
841 147
842 126
843 183
844 151
845 138
846 178
847 141
848 145
849 122
850 160
851 143
852 129
853 139
854 132
855 161
856 137
857 159
858 161
859 144
860 174
861 135
862 155
863 147
864 161
865 150
866 127
867 170
868 172
869 168
870 163
871 134
872 138
873 142
874 155
875 132
876 140
877 163
878 162
879 152
880 161
881 148
882 137
883 141
884 151
885 158
886 138
887 149
888 132
889 123
890 135
891 121
892 159
893 105
894 179
895 132
896 122
897 128
898 126
899 144
900 140
901 129
902 154
903 165
904 111
905 133
906 153
907 137
908 152
909 130
910 165
911 134
912 127
913 148
914 157
915 159
916 146
917 129
918 153
919 136
920 127
921 136
922 159
923 155
924 117
925 112
926 138
927 149
928 107
929 140
930 145
931 153
932 154
933 110
934 142
935 151
936 150
937 141
938 141
939 151
940 173
941 167
942 134
943 147
944 134
945 162
946 114
947 132
948 170
949 157
950 126
951 127
952 128
953 143
954 151
955 153
956 151
957 159
958 162
959 114
960 167
961 133
962 170
963 115
964 136
965 152
966 143
967 149
968 144
969 161
970 121
971 122
972 142
973 124
974 141
975 153
976 149
977 106
978 147
979 139
980 144
981 142
982 156
983 135
984 164
985 176
986 131
987 139
988 129
989 130
990 152
991 154
992 142
993 165
994 121
995 179
996 166
997 156
998 145
999 115
1000 147
1001 142
1002 121
1003 154
1004 117
1005 153
1006 149
1007 152
1008 142
1009 132
1010 158
1011 134
1012 151
1013 207
1014 132
1015 159
1016 122
1017 130
1018 177
1019 151
1020 134
1021 145
1022 132
1023 156
1024 133
1025 133
1026 170
1027 155
1028 126
1029 133
1030 153
1031 156
1032 150
1033 145
1034 157
1035 151
1036 147
1037 161
1038 135
1039 133
1040 141
1041 79
1042 133
1043 125
1044 147
1045 140
1046 141
1047 147
1048 160
1049 102
1050 153
1051 136
1052 128
1053 115
1054 148
1055 163
1056 167
1057 135
1058 138
1059 182
1060 147
1061 137
1062 141
1063 160
1064 163
1065 159
1066 136
1067 153
1068 141
1069 158
1070 122
1071 118
1072 144
1073 152
1074 154
1075 127
1076 127
1077 177
1078 135
1079 155
1080 138
1081 205
1082 152
1083 177
1084 143
1085 186
1086 172
1087 138
1088 132
1089 125
1090 126
1091 152
1092 163
1093 134
1094 131
1095 152
1096 153
1097 128
1098 169
1099 116
1100 113
1101 158
1102 164
1103 145
1104 140
1105 125
1106 150
1107 162
1108 131
1109 134
1110 154
1111 154
1112 144
1113 128
1114 143
1115 151
1116 149
1117 139
1118 151
1119 144
1120 122
1121 154
1122 137
1123 159
1124 189
1125 139
1126 147
1127 150
1128 161
1129 138
1130 115
1131 176
1132 159
1133 143
1134 160
1135 131
1136 156
1137 144
1138 153
1139 162
1140 141
1141 134
1142 158
1143 145
1144 153
1145 170
1146 146
1147 134
1148 135
1149 119
1150 146
1151 139
1152 162
1153 153
1154 161
1155 170
1156 131
1157 145
1158 163
1159 129
1160 150
1161 142
1162 146
1163 162
1164 157
1165 171
1166 159
1167 148
1168 127
1169 156
1170 172
1171 151
1172 137
1173 144
1174 156
1175 151
1176 144
1177 119
1178 152
1179 149
1180 149
1181 138
1182 129
1183 137
1184 155
1185 147
1186 170
1187 156
1188 124
1189 180
1190 139
1191 109
1192 133
1193 154
1194 176
1195 152
1196 131
1197 148
1198 128
1199 175
1200 138
1201 142
1202 100
1203 131
1204 158
1205 135
1206 176
1207 134
1208 136
1209 152
1210 142
1211 143
1212 155
1213 114
1214 158
1215 134
1216 183
1217 221
1218 138
1219 146
1220 136
1221 161
1222 114
1223 149
1224 126
1225 176
1226 148
1227 153
1228 124
1229 143
1230 142
1231 140
1232 161
1233 146
1234 145
1235 153
1236 140
1237 97
1238 93
1239 139
1240 129
1241 129
1242 169
1243 141
1244 162
1245 130
1246 150
1247 143
1248 137
1249 159
1250 187
1251 165
1252 120
1253 146
1254 112
1255 127
1256 140
1257 144
1258 171
1259 150
1260 135
1261 143
1262 118
1263 131
1264 138
1265 145
1266 190
1267 177
1268 141
1269 145
1270 122
1271 150
1272 128
1273 152
1274 143
1275 156
1276 161
1277 171
1278 134
1279 158
1280 152
1281 152
1282 131
1283 140
1284 144
1285 160
1286 162
1287 114
1288 132
1289 128
1290 198
1291 154
1292 106
1293 128
1294 144
1295 159
1296 130
1297 143
1298 156
1299 175
1300 181
1301 168
1302 150
1303 125
1304 136
1305 126
1306 153
1307 149
1308 164
1309 183
1310 150
1311 154
1312 103
1313 144
1314 172
1315 148
1316 141
1317 128
1318 164
1319 146
1320 148
1321 153
1322 107
1323 149
1324 172
1325 163
1326 143
1327 122
1328 143
1329 162
1330 149
1331 134
1332 158
1333 140
1334 153
1335 134
1336 170
1337 142
1338 189
1339 140
1340 131
1341 140
1342 155
1343 147
1344 127
1345 145
1346 139
1347 167
1348 155
1349 213
1350 159
1351 148
1352 146
1353 124
1354 140
1355 175
1356 151
1357 139
1358 142
1359 150
1360 165
1361 182
1362 149
1363 141
1364 177
1365 150
1366 140
1367 110
1368 150
1369 167
1370 131
1371 158
1372 158
1373 181
1374 101
1375 158
1376 151
1377 130
1378 165
1379 165
1380 140
1381 139
1382 125
1383 143
1384 112
1385 149
1386 131
1387 131
1388 140
1389 145
1390 162
1391 152
1392 155
1393 163
1394 146
1395 148
1396 140
1397 181
1398 120
1399 134
1400 127
1401 138
1402 150
1403 136
1404 147
1405 149
1406 146
1407 146
1408 156
1409 131
1410 169
1411 147
1412 150
1413 155
1414 146
1415 99
1416 147
1417 159
1418 154
1419 149
1420 128
1421 146
1422 156
1423 127
1424 159
1425 152
1426 127
1427 149
1428 134
1429 133
1430 142
1431 179
1432 148
1433 172
1434 124
1435 149
1436 142
1437 166
1438 148
1439 131
1440 142
1441 127
1442 145
1443 141
1444 154
1445 145
1446 123
1447 140
1448 138
1449 165
1450 142
1451 167
1452 126
1453 135
1454 143
1455 136
1456 149
1457 154
1458 158
1459 172
1460 122
1461 131
1462 138
1463 134
1464 146
1465 131
1466 148
1467 143
1468 123
1469 151
1470 146
1471 163
1472 138
1473 157
1474 155
1475 138
1476 126
1477 145
1478 132
1479 131
1480 152
1481 166
1482 152
1483 143
1484 103
1485 133
1486 125
1487 130
1488 125
1489 143
1490 159
1491 152
1492 144
1493 169
1494 143
1495 155
1496 158
1497 134
1498 164
1499 159
1500 136
1501 152
1502 132
1503 127
1504 150
1505 145
1506 101
1507 120
1508 141
1509 94
1510 176
1511 161
1512 157
1513 157
1514 183
1515 184
1516 146
1517 139
1518 135
1519 134
1520 167
1521 172
1522 156
1523 134
1524 147
1525 105
1526 143
1527 134
1528 155
1529 103
1530 145
1531 148
1532 153
1533 160
1534 136
1535 141
1536 179
1537 155
1538 164
1539 167
1540 179
1541 141
1542 140
1543 112
1544 169
1545 180
1546 156
1547 149
1548 133
1549 161
1550 129
1551 170
1552 154
1553 123
1554 156
1555 130
1556 157
1557 156
1558 164
1559 124
1560 93
1561 117
1562 150
1563 138
1564 141
1565 163
1566 153
1567 167
1568 119
1569 159
1570 160
1571 143
1572 188
1573 179
1574 95
1575 195
1576 106
1577 140
1578 127
1579 147
1580 177
1581 159
1582 115
1583 155
1584 133
1585 137
1586 147
1587 93
1588 151
1589 149
1590 151
1591 167
1592 160
1593 130
1594 129
1595 127
1596 150
1597 154
1598 148
1599 164
1600 161
1601 190
1602 144
1603 127
1604 139
1605 155
1606 106
1607 140
1608 151
1609 117
1610 123
1611 125
1612 157
1613 120
1614 154
1615 154
1616 161
1617 159
1618 138
1619 150
1620 139
1621 192
1622 156
1623 139
1624 149
1625 151
1626 131
1627 154
1628 148
1629 141
1630 129
1631 169
1632 110
1633 168
1634 144
1635 132
1636 140
1637 162
1638 146
1639 164
1640 137
1641 137
1642 165
1643 127
1644 146
1645 140
1646 108
1647 139
1648 130
1649 142
1650 140
1651 146
1652 149
1653 140
1654 156
1655 131
1656 160
1657 123
1658 157
1659 151
1660 122
1661 138
1662 138
1663 151
1664 106
1665 138
1666 172
1667 159
1668 156
1669 158
1670 168
1671 141
1672 169
1673 133
1674 135
1675 161
1676 105
1677 135
1678 142
1679 170
1680 131
1681 177
1682 141
1683 149
1684 148
1685 189
1686 112
1687 142
1688 130
1689 153
1690 117
1691 148
1692 151
1693 176
1694 164
1695 135
1696 148
1697 130
1698 122
1699 158
1700 153
1701 162
1702 150
1703 123
1704 151
1705 118
1706 142
1707 147
1708 138
1709 148
1710 155
1711 162
1712 155
1713 151
1714 156
1715 154
1716 127
1717 146
1718 152
1719 110
1720 158
1721 178
1722 131
1723 144
1724 116
1725 164
1726 127
1727 134
1728 122
1729 151
1730 137
1731 152
1732 141
1733 135
1734 155
1735 137
1736 159
1737 141
1738 115
1739 143
1740 152
1741 154
1742 143
1743 157
1744 164
1745 154
1746 111
1747 169
1748 156
1749 114
1750 178
1751 147
1752 177
1753 145
1754 162
1755 165
1756 159
1757 143
1758 131
1759 162
1760 155
1761 135
1762 142
1763 130
1764 113
1765 163
1766 146
1767 117
1768 151
1769 138
1770 151
1771 162
1772 151
1773 153
1774 143
1775 121
1776 149
1777 158
1778 174
1779 125
1780 143
1781 145
1782 145
1783 148
1784 120
1785 130
1786 127
1787 138
1788 168
1789 158
1790 145
1791 190
1792 153
1793 151
1794 164
1795 154
1796 159
1797 176
1798 148
1799 168
1800 141
1801 150
1802 128
1803 153
1804 126
1805 143
1806 181
1807 114
1808 151
1809 161
1810 152
1811 129
1812 125
1813 146
1814 159
1815 174
1816 152
1817 139
1818 139
1819 138
1820 149
1821 144
1822 144
1823 165
1824 112
1825 107
1826 129
1827 163
1828 127
1829 153
1830 172
1831 163
1832 125
1833 134
1834 131
1835 124
1836 130
1837 150
1838 121
1839 143
1840 121
1841 139
1842 159
1843 156
1844 120
1845 170
1846 137
1847 143
1848 158
1849 131
1850 146
1851 133
1852 164
1853 159
1854 144
1855 134
1856 120
1857 148
1858 175
1859 117
1860 149
1861 130
1862 146
1863 136
1864 139
1865 157
1866 140
1867 123
1868 157
1869 150
1870 170
1871 136
1872 142
1873 173
1874 123
1875 125
1876 149
1877 140
1878 140
1879 150
1880 179
1881 134
1882 151
1883 135
1884 151
1885 132
1886 78
1887 120
1888 135
1889 151
1890 144
1891 124
1892 149
1893 152
1894 149
1895 160
1896 142
1897 150
1898 154
1899 168
1900 170
1901 143
1902 164
1903 157
1904 148
1905 93
1906 141
1907 147
1908 174
1909 146
1910 147
1911 158
1912 144
1913 164
1914 155
1915 135
1916 124
1917 141
1918 148
1919 150
1920 151
1921 90
1922 113
1923 152
1924 159
1925 121
1926 145
1927 119
1928 157
1929 121
1930 140
1931 159
1932 160
1933 168
1934 130
1935 108
1936 151
1937 136
1938 130
1939 170
1940 169
1941 133
1942 150
1943 143
1944 139
1945 125
1946 145
1947 152
1948 128
1949 119
1950 156
1951 145
1952 158
1953 150
1954 154
1955 129
1956 185
1957 100
1958 158
1959 166
1960 141
1961 136
1962 158
1963 147
1964 101
1965 149
1966 141
1967 153
1968 145
1969 102
1970 144
1971 164
1972 130
1973 96
1974 83
1975 194
1976 116
1977 185
1978 158
1979 155
1980 141
1981 180
1982 134
1983 134
1984 160
1985 133
1986 157
1987 135
1988 156
1989 157
1990 152
1991 149
1992 130
1993 141
1994 107
1995 140
1996 141
1997 150
1998 105
1999 165
2000 143
2001 130
2002 155
2003 123
2004 119
2005 163
2006 141
2007 138
2008 152
2009 136
2010 131
2011 166
2012 156
2013 150
2014 159
2015 144
2016 113
2017 149
2018 122
2019 146
2020 137
2021 120
2022 115
2023 156
2024 127
2025 162
2026 151
2027 159
2028 131
2029 140
2030 133
2031 150
2032 134
2033 158
2034 131
2035 153
2036 109
2037 159
2038 148
2039 150
2040 144
2041 97
2042 159
2043 145
2044 157
2045 127
2046 150
2047 116
2048 156
2049 135
2050 146
2051 140
2052 152
2053 159
2054 133
2055 145
2056 156
2057 171
2058 130
2059 133
2060 127
2061 128
2062 146
2063 148
2064 141
2065 127
2066 132
2067 139
2068 156
2069 132
2070 149
2071 128
2072 140
2073 170
2074 157
2075 126
2076 140
2077 95
2078 87
2079 149
2080 145
2081 126
2082 82
2083 150
2084 132
2085 129
2086 93
2087 132
2088 142
2089 165
2090 154
2091 160
2092 155
2093 143
2094 125
2095 137
2096 135
2097 131
2098 163
2099 153
2100 142
2101 179
2102 155
2103 153
2104 136
2105 155
2106 138
2107 130
2108 104
2109 136
2110 167
2111 135
2112 174
2113 136
2114 172
2115 158
2116 138
2117 137
2118 152
2119 113
2120 139
2121 148
2122 116
2123 246
2124 135
2125 111
2126 128
2127 152
2128 140
2129 149
2130 123
2131 136
2132 136
2133 126
2134 146
2135 178
2136 142
2137 158
2138 166
2139 148
2140 159
2141 139
2142 137
2143 115
2144 142
2145 148
2146 141
2147 164
2148 144
2149 144
2150 222
2151 132
2152 164
2153 124
2154 125
2155 160
2156 126
2157 119
2158 141
2159 116
2160 167
2161 138
2162 116
2163 137
2164 121
2165 177
2166 134
2167 144
2168 150
2169 147
2170 149
2171 135
2172 153
2173 141
2174 149
2175 152
2176 147
2177 123
2178 124
2179 186
2180 156
2181 158
2182 136
2183 111
2184 170
2185 161
2186 116
2187 149
2188 139
2189 140
2190 154
2191 149
2192 129
2193 147
2194 160
2195 144
2196 147
2197 142
2198 123
2199 170
2200 137
2201 149
2202 131
2203 128
2204 134
2205 150
2206 143
2207 130
2208 109
2209 153
2210 142
2211 150
2212 142
2213 146
2214 165
2215 117
2216 155
2217 151
2218 124
2219 150
2220 147
2221 127
2222 158
2223 158
2224 131
2225 146
2226 141
2227 155
2228 119
2229 177
2230 127
2231 172
2232 107
2233 163
2234 159
2235 177
2236 156
2237 165
2238 139
2239 142
2240 155
2241 166
2242 93
2243 149
2244 141
2245 156
2246 165
2247 133
2248 153
2249 181
2250 131
2251 126
2252 209
2253 150
2254 131
2255 153
2256 172
2257 190
2258 117
2259 167
2260 160
2261 143
2262 184
2263 162
2264 153
2265 140
2266 142
2267 168
2268 166
2269 151
2270 137
2271 143
2272 155
2273 140
2274 135
2275 103
2276 168
2277 150
2278 162
2279 132
2280 138
2281 147
2282 120
2283 161
2284 139
2285 146
2286 136
2287 139
2288 99
2289 154
2290 135
2291 149
2292 150
2293 152
2294 107
2295 153
2296 148
2297 147
2298 134
2299 112
2300 179
2301 130
2302 154
2303 149
2304 150
2305 155
2306 121
2307 133
2308 147
2309 113
2310 152
2311 136
2312 206
2313 163
2314 173
2315 151
2316 133
2317 143
2318 175
2319 147
2320 125
2321 150
2322 155
2323 152
2324 173
2325 197
2326 140
2327 180
2328 147
2329 133
2330 143
2331 152
2332 150
2333 131
2334 165
2335 185
2336 132
2337 158
2338 159
2339 164
2340 170
2341 129
2342 100
2343 154
2344 167
2345 137
2346 155
2347 154
2348 178
2349 145
2350 130
2351 142
2352 143
2353 134
2354 111
2355 155
2356 146
2357 124
2358 143
2359 125
2360 147
2361 172
2362 141
2363 137
2364 133
2365 128
2366 168
2367 155
2368 124
2369 141
2370 124
2371 164
2372 155
2373 144
2374 153
2375 143
2376 133
2377 158
2378 170
2379 148
2380 120
2381 156
2382 130
2383 144
2384 163
2385 132
2386 139
2387 142
2388 153
2389 140
2390 149
2391 148
2392 158
2393 155
2394 129
2395 161
2396 149
2397 135
2398 156
2399 141
2400 131
2401 165
2402 134
2403 135
2404 141
2405 140
2406 125
2407 144
2408 147
2409 159
2410 148
2411 139
2412 138
2413 144
2414 151
2415 160
2416 156
2417 150
2418 146
2419 145
2420 173
2421 115
2422 161
2423 147
2424 158
2425 140
2426 111
2427 161
2428 147
2429 135
2430 133
2431 163
2432 150
2433 169
2434 123
2435 135
2436 149
2437 133
2438 176
2439 149
2440 149
2441 147
2442 134
2443 150
2444 171
2445 155
2446 143
2447 150
2448 159
2449 104
2450 162
2451 110
2452 169
2453 139
2454 139
2455 152
2456 122
2457 127
2458 122
2459 139
2460 137
2461 152
2462 160
2463 173
2464 162
2465 156
2466 163
2467 149
2468 149
2469 139
2470 130
2471 151
2472 107
2473 154
2474 138
2475 154
2476 130
2477 144
2478 123
2479 131
2480 138
2481 156
2482 170
2483 166
2484 134
2485 142
2486 186
2487 146
2488 150
2489 144
2490 126
2491 110
2492 179
2493 140
2494 136
2495 159
2496 140
2497 142
2498 165
2499 150
2500 148
2501 169
2502 109
2503 133
2504 170
2505 177
2506 167
2507 152
2508 166
2509 165
2510 127
2511 122
2512 126
2513 117
2514 146
2515 171
2516 165
2517 151
2518 179
2519 149
2520 148
2521 174
2522 127
2523 128
2524 124
2525 147
2526 154
2527 156
2528 144
2529 143
2530 156
2531 158
2532 152
2533 166
2534 114
2535 154
2536 151
2537 93
2538 168
2539 143
2540 136
2541 150
2542 174
2543 125
2544 143
2545 136
2546 199
2547 133
2548 133
2549 185
2550 162
2551 110
2552 161
2553 145
2554 165
2555 156
2556 130
2557 167
2558 163
2559 150
2560 137
2561 139
2562 164
2563 129
2564 146
2565 121
2566 134
2567 142
2568 143
2569 141
2570 128
2571 138
2572 161
2573 182
2574 149
2575 142
2576 109
2577 169
2578 190
2579 140
2580 152
2581 175
2582 150
2583 110
2584 151
2585 154
2586 126
2587 136
2588 169
2589 125
2590 124
2591 156
2592 158
2593 145
2594 155
2595 153
2596 130
2597 157
2598 164
2599 203
2600 112
2601 154
2602 146
2603 139
2604 140
2605 115
2606 172
2607 132
2608 153
2609 130
2610 138
2611 110
2612 120
2613 156
2614 151
2615 88
2616 145
2617 145
2618 162
2619 162
2620 138
2621 184
2622 175
2623 159
2624 184
2625 144
2626 126
2627 97
2628 121
2629 135
2630 132
2631 161
2632 154
2633 150
2634 195
2635 136
2636 165
2637 162
2638 114
2639 133
2640 162
2641 166
2642 148
2643 123
2644 120
2645 180
2646 145
2647 200
2648 131
2649 121
2650 157
2651 150
2652 131
2653 131
2654 157
2655 150
2656 156
2657 144
2658 146
2659 181
2660 171
2661 155
2662 147
2663 158
2664 141
2665 146
2666 152
2667 120
2668 113
2669 156
2670 147
2671 122
2672 144
2673 115
2674 153
2675 120
2676 154
2677 166
2678 153
2679 143
2680 141
2681 151
2682 158
2683 184
2684 164
2685 141
2686 144
2687 113
2688 161
2689 143
2690 136
2691 121
2692 159
2693 126
2694 150
2695 134
2696 131
2697 158
2698 159
2699 146
2700 138
2701 151
2702 119
2703 147
2704 138
2705 151
2706 108
2707 140
2708 176
2709 149
2710 173
2711 151
2712 141
2713 162
2714 157
2715 200
2716 91
2717 147
2718 138
2719 162
2720 150
2721 129
2722 158
2723 132
2724 142
2725 133
2726 146
2727 152
2728 153
2729 137
2730 173
2731 142
2732 174
2733 155
2734 120
2735 127
2736 143
2737 128
2738 118
2739 155
2740 175
2741 147
2742 142
2743 152
2744 155
2745 137
2746 137
2747 179
2748 139
2749 156
2750 174
2751 140
2752 125
2753 131
2754 129
2755 129
2756 160
2757 178
2758 139
2759 158
2760 155
2761 140
2762 111
2763 148
2764 153
2765 145
2766 151
2767 171
2768 144
2769 158
2770 148
2771 150
2772 152
2773 153
2774 157
2775 179
2776 124
2777 125
2778 152
2779 137
2780 135
2781 145
2782 170
2783 89
2784 148
2785 121
2786 145
2787 141
2788 143
2789 115
2790 190
2791 157
2792 122
2793 119
2794 165
2795 158
2796 163
2797 130
2798 172
2799 150
2800 137
2801 140
2802 132
2803 123
2804 143
2805 153
2806 115
2807 148
2808 131
2809 120
2810 142
2811 119
2812 148
2813 144
2814 189
2815 138
2816 189
2817 143
2818 148
2819 156
2820 141
2821 128
2822 168
2823 159
2824 137
2825 166
2826 134
2827 143
2828 156
2829 172
2830 128
2831 144
2832 139
2833 130
2834 174
2835 153
2836 138
2837 150
2838 149
2839 164
2840 175
2841 192
2842 128
2843 139
2844 134
2845 113
2846 146
2847 124
2848 108
2849 151
2850 146
2851 138
2852 157
2853 126
2854 132
2855 156
2856 137
2857 125
2858 163
2859 142
2860 136
2861 116
2862 155
2863 130
2864 162
2865 157
2866 216
2867 181
2868 110
2869 154
2870 149
2871 122
2872 147
2873 144
2874 161
2875 161
2876 130
2877 153
2878 150
2879 157
2880 162
2881 133
2882 163
2883 170
2884 125
2885 112
2886 123
2887 147
2888 172
2889 152
2890 140
2891 195
2892 163
2893 186
2894 151
2895 144
2896 104
2897 145
2898 179
2899 165
2900 174
2901 179
2902 153
2903 158
2904 128
2905 150
2906 100
2907 151
2908 137
2909 157
2910 141
2911 136
2912 151
2913 166
2914 159
2915 159
2916 170
2917 143
2918 110
2919 119
2920 133
2921 134
2922 150
2923 157
2924 154
2925 138
2926 152
2927 162
2928 147
2929 137
2930 139
2931 136
2932 152
2933 155
2934 149
2935 102
2936 165
2937 150
2938 147
2939 172
2940 137
2941 156
2942 174
2943 158
2944 121
2945 149
2946 153
2947 135
2948 148
2949 125
2950 136
2951 143
2952 153
2953 180
2954 148
2955 122
2956 162
2957 142
2958 141
2959 139
2960 137
2961 163
2962 138
2963 157
2964 163
2965 133
2966 122
2967 193
2968 135
2969 156
2970 136
2971 161
2972 142
2973 148
2974 167
2975 141
2976 146
2977 124
2978 163
2979 166
2980 107
2981 144
2982 151
2983 162
2984 104
2985 137
2986 140
2987 140
2988 126
2989 148
2990 139
2991 157
2992 165
2993 64
2994 164
2995 177
2996 162
2997 143
2998 126
2999 181
3000 164
3001 149
3002 157
3003 132
3004 138
3005 143
3006 148
3007 148
3008 134
3009 130
3010 158
3011 165
3012 158
3013 139
3014 149
3015 160
3016 160
3017 149
3018 141
3019 140
3020 153
3021 179
3022 152
3023 117
3024 158
3025 156
3026 160
3027 138
3028 137
3029 149
3030 134
3031 153
3032 159
3033 140
3034 171
3035 145
3036 134
3037 143
3038 143
3039 122
3040 178
3041 156
3042 142
3043 128
3044 106
3045 158
3046 160
3047 160
3048 142
3049 155
3050 156
3051 138
3052 167
3053 139
3054 157
3055 177
3056 138
3057 83
3058 139
3059 105
3060 130
3061 136
3062 127
3063 135
3064 140
3065 120
3066 127
3067 146
3068 173
3069 159
3070 165
3071 168
3072 146
3073 167
3074 138
3075 166
3076 129
3077 179
3078 166
3079 145
3080 128
3081 130
3082 116
3083 153
3084 145
3085 137
3086 160
3087 141
3088 181
3089 156
3090 148
3091 141
3092 171
3093 134
3094 148
3095 132
3096 162
3097 117
3098 127
3099 184
3100 150
3101 142
3102 113
3103 149
3104 129
3105 143
3106 159
3107 154
3108 132
3109 157
3110 145
3111 156
3112 143
3113 195
3114 114
3115 152
3116 145
3117 160
3118 146
3119 160
3120 134
3121 160
3122 169
3123 142
3124 140
3125 167
3126 170
3127 182
3128 132
3129 169
3130 150
3131 159
3132 129
3133 141
3134 138
3135 145
3136 143
3137 156
3138 153
3139 148
3140 157
3141 137
3142 98
3143 137
3144 166
3145 117
3146 140
3147 132
3148 170
3149 162
3150 139
3151 129
3152 134
3153 131
3154 152
3155 151
3156 154
3157 117
3158 114
3159 138
3160 136
3161 137
3162 149
3163 133
3164 141
3165 163
3166 128
3167 169
3168 156
3169 113
3170 135
3171 133
3172 132
3173 130
3174 130
3175 160
3176 123
3177 124
3178 131
3179 104
3180 173
3181 148
3182 134
3183 183
3184 168
3185 152
3186 178
3187 101
3188 126
3189 127
3190 168
3191 171
3192 131
3193 155
3194 168
3195 139
3196 140
3197 135
3198 115
3199 141
3200 123
3201 135
3202 145
3203 158
3204 144
3205 160
3206 148
3207 144
3208 134
3209 167
3210 172
3211 120
3212 138
3213 164
3214 170
3215 168
3216 164
3217 146
3218 173
3219 142
3220 154
3221 158
3222 142
3223 156
3224 170
3225 136
3226 151
3227 128
3228 157
3229 150
3230 167
3231 171
3232 157
3233 126
3234 149
3235 126
3236 169
3237 127
3238 164
3239 141
3240 148
3241 140
3242 135
3243 133
3244 147
3245 155
3246 165
3247 135
3248 138
3249 143
3250 148
3251 88
3252 156
3253 124
3254 181
3255 163
3256 150
3257 151
3258 131
3259 181
3260 117
3261 132
3262 143
3263 157
3264 147
3265 135
3266 144
3267 134
3268 161
3269 158
3270 160
3271 146
3272 145
3273 165
3274 141
3275 178
3276 134
3277 159
3278 156
3279 170
3280 176
3281 156
3282 156
3283 163
3284 157
3285 111
3286 144
3287 92
3288 144
3289 141
3290 134
3291 159
3292 148
3293 137
3294 143
3295 132
3296 141
3297 157
3298 140
3299 134
3300 144
3301 142
3302 136
3303 141
3304 150
3305 132
3306 149
3307 130
3308 171
3309 122
3310 133
3311 161
3312 141
3313 157
3314 126
3315 176
3316 153
3317 156
3318 156
3319 177
3320 136
3321 132
3322 132
3323 151
3324 143
3325 129
3326 136
3327 172
3328 157
3329 161
3330 150
3331 100
3332 143
3333 144
3334 164
3335 148
3336 182
3337 139
3338 100
3339 155
3340 122
3341 161
3342 153
3343 136
3344 163
3345 147
3346 143
3347 90
3348 144
3349 171
3350 136
3351 145
3352 170
3353 123
3354 135
3355 178
3356 137
3357 107
3358 134
3359 138
3360 144
3361 150
3362 99
3363 137
3364 119
3365 128
3366 139
3367 137
3368 137
3369 148
3370 171
3371 176
3372 126
3373 128
3374 145
3375 170
3376 146
3377 147
3378 158
3379 141
3380 157
3381 133
3382 148
3383 143
3384 155
3385 130
3386 189
3387 145
3388 151
3389 141
3390 170
3391 158
3392 161
3393 146
3394 160
3395 90
3396 152
3397 114
3398 138
3399 186
3400 132
3401 144
3402 126
3403 153
3404 141
3405 122
3406 147
3407 127
3408 112
3409 133
3410 176
3411 166
3412 131
3413 117
3414 152
3415 160
3416 128
3417 137
3418 198
3419 116
3420 159
3421 153
3422 146
3423 157
3424 115
3425 137
3426 171
3427 161
3428 142
3429 174
3430 146
3431 143
3432 128
3433 167
3434 167
3435 168
3436 173
3437 145
3438 151
3439 170
3440 132
3441 144
3442 120
3443 149
3444 164
3445 125
3446 178
3447 79
3448 155
3449 160
3450 105
3451 155
3452 163
3453 134
3454 123
3455 175
3456 149
3457 143
3458 163
3459 150
3460 153
3461 154
3462 146
3463 141
3464 148
3465 145
3466 153
3467 137
3468 136
3469 161
3470 173
3471 163
3472 144
3473 136
3474 152
3475 146
3476 152
3477 148
3478 132
3479 148
3480 163
3481 138
3482 166
3483 151
3484 145
3485 134
3486 132
3487 164
3488 157
3489 128
3490 132
3491 159
3492 150
3493 143
3494 139
3495 140
3496 148
3497 182
3498 142
3499 126
3500 139
3501 188
3502 153
3503 143
3504 159
3505 130
3506 152
3507 126
3508 151
3509 152
3510 156
3511 166
3512 176
3513 134
3514 154
3515 148
3516 173
3517 80
3518 129
3519 164
3520 137
3521 139
3522 137
3523 137
3524 164
3525 143
3526 112
3527 138
3528 131
3529 142
3530 155
3531 134
3532 153
3533 145
3534 149
3535 167
3536 148
3537 114
3538 160
3539 151
3540 122
3541 147
3542 161
3543 141
3544 222
3545 133
3546 151
3547 133
3548 125
3549 139
3550 166
3551 162
3552 165
3553 118
3554 180
3555 150
3556 131
3557 147
3558 177
3559 103
3560 136
3561 132
3562 128
3563 136
3564 127
3565 169
3566 161
3567 121
3568 142
3569 148
3570 167
3571 146
3572 143
3573 140
3574 151
3575 148
3576 145
3577 150
3578 137
3579 171
3580 140
3581 123
3582 138
3583 156
3584 128
3585 114
3586 103
3587 141
3588 170
3589 155
3590 173
3591 162
3592 115
3593 138
3594 132
3595 172
3596 156
3597 148
3598 114
3599 175
3600 158
3601 143
3602 141
3603 131
3604 120
3605 151
3606 184
3607 130
3608 145
3609 124
3610 134
3611 141
3612 123
3613 147
3614 154
3615 163
3616 165
3617 145
3618 153
3619 127
3620 183
3621 150
3622 144
3623 134
3624 137
3625 147
3626 120
3627 174
3628 153
3629 134
3630 134
3631 154
3632 203
3633 135
3634 122
3635 135
3636 138
3637 137
3638 148
3639 142
3640 151
3641 124
3642 135
3643 140
3644 135
3645 156
3646 139
3647 160
3648 120
3649 149
3650 152
3651 144
3652 129
3653 142
3654 141
3655 140
3656 157
3657 152
3658 141
3659 133
3660 126
3661 99
3662 124
3663 147
3664 154
3665 143
3666 173
3667 118
3668 164
3669 89
3670 144
3671 165
3672 132
3673 154
3674 116
3675 164
3676 138
3677 161
3678 144
3679 137
3680 170
3681 125
3682 129
3683 115
3684 165
3685 165
3686 144
3687 127
3688 158
3689 137
3690 142
3691 156
3692 146
3693 148
3694 119
3695 157
3696 168
3697 147
3698 147
3699 125
3700 183
3701 125
3702 140
3703 134
3704 118
3705 124
3706 139
3707 157
3708 174
3709 142
3710 164
3711 125
3712 160
3713 175
3714 142
3715 113
3716 148
3717 170
3718 165
3719 133
3720 81
3721 144
3722 165
3723 169
3724 138
3725 140
3726 113
3727 153
3728 119
3729 107
3730 143
3731 153
3732 137
3733 155
3734 141
3735 145
3736 195
3737 146
3738 146
3739 151
3740 165
3741 130
3742 151
3743 116
3744 167
3745 138
3746 167
3747 153
3748 157
3749 171
3750 152
3751 167
3752 161
3753 132
3754 146
3755 128
3756 188
3757 183
3758 177
3759 184
3760 125
3761 180
3762 146
3763 150
3764 150
3765 161
3766 152
3767 149
3768 138
3769 151
3770 177
3771 111
3772 175
3773 128
3774 118
3775 145
3776 143
3777 160
3778 140
3779 115
3780 143
3781 111
3782 121
3783 129
3784 143
3785 145
3786 132
3787 104
3788 160
3789 141
3790 160
3791 120
3792 133
3793 170
3794 164
3795 123
3796 132
3797 189
3798 143
3799 169
3800 138
3801 139
3802 132
3803 156
3804 178
3805 145
3806 143
3807 133
3808 148
3809 146
3810 155
3811 165
3812 142
3813 158
3814 126
3815 169
3816 154
3817 148
3818 172
3819 158
3820 174
3821 152
3822 143
3823 143
3824 127
3825 126
3826 158
3827 150
3828 154
3829 167
3830 136
3831 178
3832 142
3833 154
3834 158
3835 133
3836 160
3837 171
3838 173
3839 144
3840 165
3841 157
3842 142
3843 160
3844 126
3845 144
3846 153
3847 148
3848 138
3849 165
3850 132
3851 127
3852 135
3853 141
3854 123
3855 113
3856 141
3857 170
3858 169
3859 156
3860 150
3861 102
3862 141
3863 142
3864 129
3865 129
3866 119
3867 169
3868 141
3869 176
3870 150
3871 157
3872 106
3873 146
3874 148
3875 146
3876 140
3877 137
3878 134
3879 136
3880 98
3881 154
3882 157
3883 140
3884 122
3885 174
3886 133
3887 161
3888 178
3889 148
3890 169
3891 161
3892 165
3893 136
3894 148
3895 115
3896 107
3897 134
3898 148
3899 152
3900 135
3901 165
3902 163
3903 146
3904 159
3905 139
3906 145
3907 141
3908 153
3909 124
3910 168
3911 132
3912 165
3913 121
3914 157
3915 152
3916 112
3917 110
3918 145
3919 152
3920 139
3921 169
3922 167
3923 140
3924 140
3925 146
3926 151
3927 147
3928 135
3929 144
3930 158
3931 166
3932 141
3933 120
3934 119
3935 174
3936 124
3937 141
3938 129
3939 88
3940 130
3941 108
3942 143
3943 154
3944 154
3945 125
3946 108
3947 133
3948 138
3949 129
3950 153
3951 146
3952 136
3953 151
3954 141
3955 169
3956 128
3957 152
3958 162
3959 152
3960 142
3961 175
3962 128
3963 146
3964 185
3965 138
3966 148
3967 144
3968 142
3969 135
3970 142
3971 124
3972 182
3973 146
3974 176
3975 158
3976 147
3977 130
3978 143
3979 133
3980 153
3981 118
3982 175
3983 184
3984 164
3985 135
3986 134
3987 148
3988 157
3989 158
3990 133
3991 135
3992 171
3993 166
3994 173
3995 158
3996 155
3997 141
3998 161
3999 139
4000 165
4001 164
4002 159
4003 151
4004 163
4005 142
4006 115
4007 160
4008 119
4009 147
4010 116
4011 134
4012 158
4013 136
4014 148
4015 123
4016 135
4017 150
4018 126
4019 158
4020 167
4021 139
4022 142
4023 107
4024 163
4025 126
4026 153
4027 141
4028 146
4029 150
4030 152
4031 174
4032 152
4033 165
4034 96
4035 152
4036 161
4037 148
4038 164
4039 153
4040 128
4041 132
4042 183
4043 167
4044 156
4045 144
4046 147
4047 145
4048 167
4049 140
4050 187
4051 143
4052 145
4053 144
4054 136
4055 158
4056 150
4057 108
4058 142
4059 143
4060 160
4061 157
4062 117
4063 113
4064 148
4065 156
4066 167
4067 180
4068 176
4069 132
4070 135
4071 137
4072 119
4073 146
4074 173
4075 153
4076 150
4077 153
4078 83
4079 108
4080 116
4081 141
4082 132
4083 143
4084 149
4085 151
4086 148
4087 144
4088 132
4089 137
4090 159
4091 144
4092 125
4093 141
4094 139
4095 154
4096 135
4097 133
4098 146
4099 129
4100 172
4101 177
4102 150
4103 143
4104 132
4105 152
4106 139
4107 147
4108 146
4109 143
4110 111
4111 165
4112 132
4113 125
4114 141
4115 163
4116 142
4117 164
4118 180
4119 137
4120 145
4121 146
4122 115
4123 137
4124 139
4125 141
4126 145
4127 122
4128 135
4129 142
4130 151
4131 118
4132 138
4133 124
4134 122
4135 163
4136 152
4137 163
4138 145
4139 149
4140 135
4141 129
4142 148
4143 186
4144 145
4145 147
4146 134
4147 111
4148 156
4149 126
4150 152
4151 145
4152 175
4153 169
4154 145
4155 141
4156 128
4157 122
4158 117
4159 136
4160 170
4161 180
4162 116
4163 145
4164 121
4165 155
4166 145
4167 154
4168 130
4169 128
4170 158
4171 146
4172 140
4173 176
4174 154
4175 125
4176 162
4177 143
4178 163
4179 150
4180 122
4181 148
4182 149
4183 126
4184 155
4185 141
4186 146
4187 126
4188 131
4189 164
4190 158
4191 130
4192 132
4193 143
4194 151
4195 187
4196 172
4197 155
4198 162
4199 148
4200 119
4201 176
4202 147
4203 137
4204 137
4205 124
4206 135
4207 158
4208 142
4209 155
4210 127
4211 166
4212 148
4213 149
4214 126
4215 135
4216 146
4217 157
4218 140
4219 121
4220 174
4221 85
4222 169
4223 142
4224 166
4225 132
4226 145
4227 152
4228 144
4229 151
4230 145
4231 145
4232 129
4233 148
4234 146
4235 161
4236 121
4237 149
4238 181
4239 120
4240 149
4241 155
4242 143
4243 107
4244 139
4245 159
4246 128
4247 129
4248 138
4249 170
4250 152
4251 140
4252 124
4253 145
4254 129
4255 160
4256 150
4257 158
4258 177
4259 163
4260 146
4261 132
4262 140
4263 124
4264 149
4265 121
4266 93
4267 154
4268 158
4269 144
4270 88
4271 148
4272 149
4273 142
4274 187
4275 153
4276 144
4277 131
4278 150
4279 143
4280 118
4281 120
4282 80
4283 175
4284 141
4285 148
4286 148
4287 138
4288 136
4289 142
4290 144
4291 140
4292 142
4293 170
4294 163
4295 145
4296 173
4297 148
4298 150
4299 141
4300 142
4301 146
4302 129
4303 152
4304 132
4305 151
4306 140
4307 143
4308 144
4309 167
4310 143
4311 142
4312 148
4313 132
4314 184
4315 159
4316 134
4317 174
4318 136
4319 180
4320 154
4321 185
4322 182
4323 163
4324 146
4325 194
4326 148
4327 143
4328 138
4329 151
4330 146
4331 163
4332 156
4333 166
4334 161
4335 152
4336 145
4337 160
4338 135
4339 160
4340 159
4341 138
4342 133
4343 150
4344 158
4345 125
4346 128
4347 154
4348 156
4349 135
4350 142
4351 107
4352 132
4353 134
4354 139
4355 142
4356 146
4357 181
4358 118
4359 154
4360 169
4361 131
4362 141
4363 123
4364 151
4365 183
4366 172
4367 138
4368 138
4369 133
4370 155
4371 185
4372 140
4373 129
4374 126
4375 165
4376 125
4377 153
4378 129
4379 125
4380 134
4381 172
4382 132
4383 148
4384 164
4385 144
4386 135
4387 150
4388 160
4389 150
4390 134
4391 151
4392 162
4393 165
4394 165
4395 157
4396 131
4397 145
4398 160
4399 156
4400 154
4401 162
4402 167
4403 146
4404 152
4405 157
4406 123
4407 142
4408 162
4409 140
4410 135
4411 99
4412 146
4413 109
4414 144
4415 138
4416 139
4417 122
4418 168
4419 153
4420 157
4421 136
4422 144
4423 126
4424 167
4425 142
4426 156
4427 137
4428 123
4429 139
4430 123
4431 134
4432 143
4433 165
4434 131
4435 135
4436 153
4437 143
4438 185
4439 139
4440 142
4441 151
4442 136
4443 139
4444 199
4445 149
4446 155
4447 121
4448 144
4449 157
4450 182
4451 138
4452 162
4453 134
4454 88
4455 137
4456 143
4457 138
4458 90
4459 126
4460 133
4461 121
4462 111
4463 142
4464 138
4465 147
4466 118
4467 157
4468 160
4469 137
4470 149
4471 158
4472 159
4473 130
4474 154
4475 153
4476 100
4477 130
4478 153
4479 119
4480 132
4481 144
4482 131
4483 152
4484 159
4485 150
4486 147
4487 138
4488 127
4489 149
4490 126
4491 135
4492 154
4493 144
4494 128
4495 124
4496 145
4497 131
4498 115
4499 145
4500 160
4501 160
4502 158
4503 136
4504 183
4505 154
4506 159
4507 155
4508 145
4509 154
4510 147
4511 162
4512 107
4513 142
4514 150
4515 151
4516 137
4517 134
4518 157
4519 131
4520 116
4521 180
4522 157
4523 136
4524 127
4525 168
4526 158
4527 130
4528 133
4529 155
4530 145
4531 147
4532 145
4533 162
4534 139
4535 148
4536 151
4537 161
4538 123
4539 151
4540 138
4541 122
4542 147
4543 143
4544 155
4545 146
4546 108
4547 118
4548 125
4549 93
4550 129
4551 136
4552 164
4553 138
4554 146
4555 152
4556 131
4557 121
4558 131
4559 151
4560 133
4561 128
4562 158
4563 151
4564 137
4565 148
4566 165
4567 128
4568 143
4569 160
4570 156
4571 150
4572 171
4573 133
4574 140
4575 114
4576 142
4577 151
4578 127
4579 164
4580 139
4581 149
4582 136
4583 143
4584 140
4585 175
4586 156
4587 144
4588 149
4589 151
4590 131
4591 180
4592 147
4593 122
4594 125
4595 141
4596 163
4597 139
4598 173
4599 142
4600 161
4601 145
4602 131
4603 160
4604 157
4605 151
4606 101
4607 147
4608 150
4609 145
4610 171
4611 124
4612 138
4613 174
4614 139
4615 161
4616 148
4617 161
4618 129
4619 113
4620 153
4621 215
4622 155
4623 144
4624 179
4625 190
4626 149
4627 137
4628 153
4629 132
4630 135
4631 142
4632 178
4633 142
4634 189
4635 137
4636 163
4637 177
4638 164
4639 104
4640 114
4641 149
4642 153
4643 192
4644 123
4645 125
4646 141
4647 138
4648 162
4649 154
4650 140
4651 187
4652 159
4653 180
4654 173
4655 131
4656 145
4657 126
4658 147
4659 133
4660 156
4661 163
4662 120
4663 162
4664 169
4665 137
4666 138
4667 162
4668 141
4669 133
4670 128
4671 151
4672 129
4673 162
4674 148
4675 123
4676 125
4677 153
4678 150
4679 145
4680 79
4681 148
4682 145
4683 110
4684 137
4685 128
4686 145
4687 159
4688 110
4689 167
4690 153
4691 137
4692 151
4693 138
4694 138
4695 167
4696 138
4697 147
4698 141
4699 126
4700 169
4701 126
4702 155
4703 126
4704 154
4705 123
4706 148
4707 125
4708 124
4709 138
4710 162
4711 155
4712 132
4713 122
4714 159
4715 73
4716 133
4717 140
4718 157
4719 192
4720 169
4721 121
4722 131
4723 152
4724 140
4725 163
4726 155
4727 164
4728 152
4729 118
4730 153
4731 148
4732 122
4733 150
4734 162
4735 133
4736 182
4737 128
4738 153
4739 177
4740 156
4741 127
4742 113
4743 133
4744 158
4745 131
4746 172
4747 148
4748 117
4749 182
4750 167
4751 134
4752 156
4753 135
4754 167
4755 150
4756 159
4757 150
4758 145
4759 152
4760 140
4761 168
4762 167
4763 132
4764 165
4765 139
4766 196
4767 169
4768 163
4769 147
4770 196
4771 137
4772 197
4773 139
4774 165
4775 125
4776 137
4777 157
4778 157
4779 150
4780 126
4781 152
4782 140
4783 155
4784 158
4785 180
4786 120
4787 126
4788 159
4789 199
4790 155
4791 133
4792 212
4793 114
4794 144
4795 193
4796 135
4797 163
4798 136
4799 188
4800 138
4801 151
4802 119
4803 140
4804 125
4805 128
4806 109
4807 134
4808 94
4809 127
4810 143
4811 153
4812 125
4813 139
4814 153
4815 145
4816 155
4817 145
4818 131
4819 151
4820 130
4821 182
4822 139
4823 136
4824 144
4825 148
4826 171
4827 162
4828 178
4829 133
4830 162
4831 144
4832 100
4833 130
4834 135
4835 137
4836 145
4837 134
4838 162
4839 155
4840 139
4841 151
4842 135
4843 184
4844 129
4845 135
4846 150
4847 160
4848 151
4849 129
4850 140
4851 161
4852 150
4853 145
4854 147
4855 142
4856 162
4857 156
4858 143
4859 198
4860 183
4861 139
4862 124
4863 105
4864 162
4865 157
4866 126
4867 150
4868 115
4869 141
4870 111
4871 160
4872 138
4873 139
4874 110
4875 155
4876 113
4877 134
4878 150
4879 92
4880 158
4881 153
4882 134
4883 127
4884 149
4885 150
4886 125
4887 174
4888 175
4889 146
4890 150
4891 164
4892 132
4893 147
4894 146
4895 128
4896 150
4897 138
4898 144
4899 153
4900 177
4901 138
4902 139
4903 147
4904 136
4905 132
4906 136
4907 156
4908 151
4909 137
4910 129
4911 142
4912 164
4913 161
4914 185
4915 163
4916 141
4917 156
4918 151
4919 157
4920 165
4921 127
4922 126
4923 144
4924 123
4925 144
4926 139
4927 138
4928 132
4929 141
4930 176
4931 168
4932 138
4933 143
4934 155
4935 126
4936 148
4937 127
4938 156
4939 120
4940 143
4941 153
4942 203
4943 133
4944 148
4945 119
4946 130
4947 154
4948 124
4949 135
4950 170
4951 161
4952 150
4953 136
4954 143
4955 138
4956 164
4957 120
4958 146
4959 150
4960 136
4961 156
4962 139
4963 145
4964 121
4965 151
4966 158
4967 172
4968 129
4969 119
4970 148
4971 146
4972 170
4973 105
4974 148
4975 149
4976 145
4977 147
4978 197
4979 150
4980 144
4981 160
4982 176
4983 135
4984 164
4985 150
4986 118
4987 159
4988 148
4989 137
4990 154
4991 150
4992 160
4993 127
4994 150
4995 148
4996 112
4997 158
4998 117
4999 149
5000 99
5001 175
5002 132
5003 153
5004 142
5005 149
5006 159
5007 157
5008 147
5009 151
5010 131
5011 128
5012 155
5013 147
5014 152
5015 119
5016 146
5017 138
5018 146
5019 151
5020 139
5021 132
5022 137
5023 163
5024 134
5025 122
5026 155
5027 180
5028 146
5029 119
5030 162
5031 154
5032 125
5033 143
5034 129
5035 162
5036 160
5037 90
5038 148
5039 126
5040 156
5041 127
5042 144
5043 159
5044 190
5045 145
5046 140
5047 166
5048 145
5049 155
5050 155
5051 127
5052 133
5053 144
5054 131
5055 150
5056 147
5057 128
5058 125
5059 98
5060 133
5061 143
5062 118
5063 126
5064 160
5065 155
5066 167
5067 166
5068 140
5069 161
5070 150
5071 155
5072 166
5073 141
5074 132
5075 125
5076 197
5077 204
5078 167
5079 125
5080 162
5081 126
5082 175
5083 118
5084 141
5085 145
5086 160
5087 154
5088 147
5089 141
5090 139
5091 143
5092 119
5093 147
5094 139
5095 144
5096 142
5097 160
5098 140
5099 134
5100 156
5101 154
5102 130
5103 127
5104 143
5105 126
5106 161
5107 155
5108 130
5109 108
5110 135
5111 169
5112 159
5113 98
5114 146
5115 152
5116 159
5117 129
5118 120
5119 127
5120 141
5121 149
5122 153
5123 158
5124 148
5125 162
5126 146
5127 133
5128 153
5129 178
5130 156
5131 171
5132 133
5133 152
5134 138
5135 169
5136 98
5137 158
5138 147
5139 123
5140 140
5141 144
5142 168
5143 144
5144 172
5145 162
5146 153
5147 161
5148 136
5149 192
5150 131
5151 141
5152 142
5153 138
5154 121
5155 112
5156 165
5157 147
5158 151
5159 131
5160 181
5161 127
5162 130
5163 148
5164 153
5165 133
5166 183
5167 147
5168 144
5169 190
5170 144
5171 161
5172 175
5173 165
5174 153
5175 133
5176 168
5177 134
5178 129
5179 161
5180 171
5181 156
5182 149
5183 121
5184 164
5185 121
5186 146
5187 160
5188 131
5189 114
5190 170
5191 148
5192 164
5193 147
5194 147
5195 155
5196 161
5197 157
5198 144
5199 149
5200 135
5201 110
5202 147
5203 142
5204 164
5205 132
5206 152
5207 152
5208 152
5209 128
5210 132
5211 130
5212 170
5213 120
5214 148
5215 153
5216 155
5217 107
5218 143
5219 133
5220 133
5221 151
5222 152
5223 142
5224 132
5225 151
5226 156
5227 133
5228 157
5229 155
5230 140
5231 160
5232 132
5233 123
5234 125
5235 153
5236 150
5237 142
5238 151
5239 146
5240 170
5241 125
5242 121
5243 136
5244 137
5245 128
5246 149
5247 117
5248 158
5249 138
5250 116
5251 129
5252 135
5253 143
5254 146
5255 169
5256 143
5257 139
5258 136
5259 144
5260 126
5261 130
5262 123
5263 162
5264 127
5265 139
5266 129
5267 154
5268 128
5269 159
5270 158
5271 147
5272 174
5273 123
5274 146
5275 111
5276 132
5277 140
5278 155
5279 189
5280 132
5281 148
5282 141
5283 148
5284 104
5285 158
5286 152
5287 159
5288 88
5289 184
5290 127
5291 134
5292 136
5293 182
5294 146
5295 146
5296 171
5297 138
5298 132
5299 130
5300 173
5301 147
5302 123
5303 156
5304 139
5305 156
5306 123
5307 150
5308 152
5309 157
5310 135
5311 147
5312 185
5313 157
5314 147
5315 167
5316 95
5317 154
5318 112
5319 138
5320 136
5321 155
5322 135
5323 142
5324 150
5325 147
5326 141
5327 137
5328 145
5329 133
5330 145
5331 149
5332 189
5333 136
5334 141
5335 137
5336 184
5337 166
5338 138
5339 157
5340 140
5341 139
5342 120
5343 123
5344 116
5345 130
5346 137
5347 181
5348 154
5349 164
5350 124
5351 150
5352 155
5353 151
5354 126
5355 168
5356 169
5357 145
5358 157
5359 149
5360 145
5361 138
5362 135
5363 142
5364 126
5365 152
5366 138
5367 154
5368 157
5369 124
5370 134
5371 156
5372 122
5373 161
5374 152
5375 158
5376 147
5377 145
5378 138
5379 174
5380 162
5381 140
5382 151
5383 157
5384 151
5385 186
5386 105
5387 129
5388 147
5389 150
5390 142
5391 126
5392 169
5393 125
5394 142
5395 138
5396 145
5397 134
5398 145
5399 109
5400 134
5401 130
5402 163
5403 153
5404 162
5405 159
5406 148
5407 121
5408 140
5409 155
5410 146
5411 154
5412 134
5413 139
5414 151
5415 146
5416 161
5417 144
5418 177
5419 114
5420 124
5421 150
5422 155
5423 161
5424 140
5425 152
5426 139
5427 118
5428 146
5429 160
5430 153
5431 168
5432 118
5433 148
5434 145
5435 143
5436 119
5437 197
5438 125
5439 137
5440 144
5441 161
5442 166
5443 125
5444 156
5445 158
5446 153
5447 149
5448 147
5449 139
5450 142
5451 132
5452 193
5453 200
5454 126
5455 141
5456 173
5457 135
5458 165
5459 138
5460 153
5461 136
5462 141
5463 149
5464 140
5465 108
5466 134
5467 174
5468 138
5469 138
5470 167
5471 122
5472 146
5473 137
5474 165
5475 136
5476 128
5477 168
5478 138
5479 138
5480 159
5481 111
5482 147
5483 129
5484 140
5485 100
5486 130
5487 129
5488 159
5489 144
5490 129
5491 219
5492 160
5493 131
5494 127
5495 152
5496 165
5497 138
5498 136
5499 171
5500 88
5501 149
5502 179
5503 101
5504 128
5505 146
5506 143
5507 133
5508 143
5509 163
5510 154
5511 157
5512 155
5513 152
5514 119
5515 149
5516 143
5517 135
5518 115
5519 138
5520 144
5521 123
5522 130
5523 167
5524 127
5525 149
5526 138
5527 133
5528 149
5529 139
5530 116
5531 183
5532 126
5533 140
5534 142
5535 126
5536 123
5537 181
5538 162
5539 157
5540 157
5541 139
5542 153
5543 154
5544 134
5545 157
5546 163
5547 120
5548 149
5549 146
5550 138
5551 126
5552 143
5553 138
5554 159
5555 129
5556 154
5557 135
5558 125
5559 144
5560 151
5561 153
5562 153
5563 154
5564 139
5565 144
5566 153
5567 147
5568 121
5569 154
5570 149
5571 134
5572 142
5573 96
5574 150
5575 124
5576 130
5577 164
5578 152
5579 133
5580 136
5581 145
5582 155
5583 122
5584 127
5585 154
5586 147
5587 158
5588 160
5589 154
5590 145
5591 110
5592 148
5593 138
5594 145
5595 131
5596 126
5597 146
5598 138
5599 138
5600 176
5601 141
5602 148
5603 156
5604 137
5605 96
5606 148
5607 129
5608 125
5609 179
5610 158
5611 138
5612 147
5613 144
5614 153
5615 136
5616 144
5617 152
5618 126
5619 134
5620 144
5621 138
5622 156
5623 149
5624 157
5625 156
5626 134
5627 167
5628 186
5629 174
5630 170
5631 153
5632 116
5633 180
5634 154
5635 149
5636 162
5637 178
5638 154
5639 156
5640 123
5641 146
5642 134
5643 122
5644 155
5645 138
5646 155
5647 151
5648 147
5649 115
5650 157
5651 133
5652 162
5653 140
5654 130
5655 160
5656 172
5657 145
5658 146
5659 140
5660 162
5661 164
5662 152
5663 143
5664 141
5665 141
5666 141
5667 173
5668 119
5669 149
5670 201
5671 145
5672 129
5673 157
5674 156
5675 125
5676 150
5677 173
5678 159
5679 157
5680 158
5681 148
5682 164
5683 160
5684 126
5685 150
5686 115
5687 157
5688 128
5689 135
5690 137
5691 126
5692 163
5693 138
5694 161
5695 157
5696 100
5697 143
5698 122
5699 187
5700 143
5701 169
5702 133
5703 145
5704 143
5705 133
5706 138
5707 174
5708 113
5709 140
5710 161
5711 109
5712 129
5713 167
5714 138
5715 131
5716 150
5717 183
5718 142
5719 150
5720 154
5721 140
5722 166
5723 131
5724 160
5725 152
5726 151
5727 159
5728 160
5729 152
5730 129
5731 148
5732 171
5733 152
5734 130
5735 162
5736 153
5737 128
5738 139
5739 135
5740 156
5741 136
5742 148
5743 144
5744 136
5745 155
5746 145
5747 121
5748 122
5749 164
5750 153
5751 162
5752 167
5753 144
5754 145
5755 145
5756 165
5757 136
5758 145
5759 145
5760 176
5761 176
5762 176
5763 149
5764 150
5765 155
5766 165
5767 146
5768 152
5769 177
5770 158
5771 143
5772 150
5773 125
5774 150
5775 141
5776 161
5777 149
5778 139
5779 120
5780 126
5781 158
5782 148
5783 134
5784 133
5785 131
5786 175
5787 148
5788 145
5789 161
5790 148
5791 177
5792 152
5793 130
5794 152
5795 137
5796 155
5797 152
5798 165
5799 154
5800 116
5801 138
5802 134
5803 150
5804 131
5805 143
5806 134
5807 132
5808 144
5809 146
5810 78
5811 127
5812 177
5813 136
5814 146
5815 172
5816 161
5817 150
5818 155
5819 147
5820 170
5821 136
5822 162
5823 138
5824 146
5825 143
5826 134
5827 155
5828 132
5829 136
5830 151
5831 159
5832 129
5833 186
5834 157
5835 156
5836 131
5837 148
5838 145
5839 113
5840 139
5841 182
5842 137
5843 134
5844 144
5845 150
5846 183
5847 123
5848 139
5849 171
5850 127
5851 129
5852 131
5853 150
5854 90
5855 167
5856 136
5857 161
5858 158
5859 141
5860 132
5861 141
5862 143
5863 164
5864 143
5865 152
5866 134
5867 146
5868 163
5869 157
5870 130
5871 151
5872 144
5873 159
5874 144
5875 153
5876 118
5877 152
5878 149
5879 119
5880 166
5881 143
5882 165
5883 136
5884 117
5885 122
5886 139
5887 127
5888 143
5889 136
5890 155
5891 156
5892 136
5893 160
5894 127
5895 128
5896 171
5897 136
5898 123
5899 148
5900 129
5901 145
5902 234
5903 159
5904 133
5905 170
5906 180
5907 136
5908 155
5909 138
5910 216
5911 144
5912 104
5913 136
5914 162
5915 183
5916 140
5917 131
5918 127
5919 148
5920 169
5921 153
5922 163
5923 142
5924 144
5925 155
5926 142
5927 149
5928 140
5929 133
5930 96
5931 174
5932 173
5933 156
5934 146
5935 145
5936 125
5937 147
5938 117
5939 143
5940 164
5941 156
5942 157
5943 169
5944 150
5945 128
5946 124
5947 157
5948 147
5949 155
5950 129
5951 110
5952 147
5953 151
5954 145
5955 176
5956 152
5957 159
5958 150
5959 156
5960 150
5961 147
5962 126
5963 139
5964 149
5965 117
5966 145
5967 132
5968 159
5969 134
5970 111
5971 151
5972 161
5973 185
5974 156
5975 154
5976 188
5977 166
5978 142
5979 155
5980 139
5981 127
5982 142
5983 146
5984 161
5985 153
5986 124
5987 164
5988 135
5989 173
5990 130
5991 169
5992 149
5993 148
5994 143
5995 146
5996 163
5997 157
5998 147
5999 159
6000 102
6001 178
6002 129
6003 145
6004 156
6005 129
6006 162
6007 158
6008 182
6009 150
6010 155
6011 149
6012 136
6013 145
6014 141
6015 130
6016 128
6017 82
6018 141
6019 119
6020 111
6021 142
6022 118
6023 162
6024 151
6025 172
6026 129
6027 126
6028 134
6029 117
6030 130
6031 152
6032 155
6033 197
6034 136
6035 137
6036 151
6037 152
6038 136
6039 142
6040 150
6041 186
6042 110
6043 145
6044 143
6045 113
6046 142
6047 111
6048 139
6049 147
6050 138
6051 143
6052 112
6053 142
6054 148
6055 157
6056 114
6057 185
6058 131
6059 135
6060 124
6061 198
6062 158
6063 132
6064 176
6065 133
6066 165
6067 169
6068 118
6069 122
6070 147
6071 166
6072 132
6073 131
6074 150
6075 133
6076 129
6077 176
6078 135
6079 135
6080 128
6081 184
6082 134
6083 111
6084 153
6085 145
6086 132
6087 118
6088 140
6089 134
6090 120
6091 123
6092 116
6093 146
6094 127
6095 155
6096 148
6097 146
6098 133
6099 155
6100 146
6101 122
6102 123
6103 152
6104 156
6105 141
6106 129
6107 154
6108 151
6109 150
6110 133
6111 133
6112 145
6113 141
6114 146
6115 151
6116 146
6117 141
6118 173
6119 146
6120 147
6121 151
6122 156
6123 148
6124 150
6125 139
6126 162
6127 151
6128 158
6129 135
6130 121
6131 150
6132 191
6133 128
6134 130
6135 169
6136 134
6137 158
6138 151
6139 131
6140 153
6141 152
6142 144
6143 158
6144 165
6145 170
6146 163
6147 131
6148 133
6149 150
6150 161
6151 135
6152 156
6153 126
6154 141
6155 145
6156 149
6157 128
6158 126
6159 163
6160 137
6161 164
6162 156
6163 146
6164 118
6165 158
6166 172
6167 183
6168 92
6169 137
6170 169
6171 146
6172 147
6173 138
6174 155
6175 160
6176 128
6177 154
6178 153
6179 142
6180 123
6181 127
6182 115
6183 147
6184 140
6185 141
6186 146
6187 165
6188 164
6189 157
6190 152
6191 139
6192 175
6193 169
6194 119
6195 156
6196 166
6197 138
6198 100
6199 164
6200 156
6201 171
6202 193
6203 146
6204 127
6205 118
6206 166
6207 146
6208 133
6209 157
6210 146
6211 159
6212 132
6213 172
6214 136
6215 154
6216 174
6217 145
6218 160
6219 138
6220 157
6221 120
6222 136
6223 133
6224 148
6225 186
6226 145
6227 123
6228 141
6229 169
6230 160
6231 144
6232 135
6233 156
6234 152
6235 138
6236 148
6237 130
6238 140
6239 118
6240 128
6241 131
6242 144
6243 144
6244 158
6245 161
6246 156
6247 141
6248 135
6249 131
6250 147
6251 160
6252 147
6253 153
6254 161
6255 167
6256 147
6257 158
6258 130
6259 98
6260 159
6261 155
6262 162
6263 152
6264 155
6265 151
6266 157
6267 152
6268 148
6269 123
6270 129
6271 133
6272 178
6273 139
6274 155
6275 140
6276 168
6277 135
6278 162
6279 176
6280 123
6281 127
6282 169
6283 157
6284 132
6285 161
6286 140
6287 108
6288 174
6289 174
6290 113
6291 109
6292 166
6293 141
6294 139
6295 118
6296 146
6297 136
6298 162
6299 159
6300 131
6301 149
6302 144
6303 161
6304 128
6305 176
6306 151
6307 143
6308 149
6309 159
6310 120
6311 137
6312 141
6313 138
6314 124
6315 136
6316 124
6317 163
6318 173
6319 174
6320 174
6321 168
6322 148
6323 152
6324 160
6325 123
6326 167
6327 132
6328 137
6329 166
6330 165
6331 98
6332 167
6333 124
6334 150
6335 160
6336 151
6337 162
6338 147
6339 157
6340 152
6341 135
6342 110
6343 168
6344 143
6345 167
6346 165
6347 177
6348 173
6349 179
6350 143
6351 132
6352 145
6353 140
6354 133
6355 145
6356 168
6357 131
6358 108
6359 133
6360 133
6361 166
6362 149
6363 156
6364 146
6365 177
6366 117
6367 103
6368 122
6369 156
6370 168
6371 154
6372 130
6373 149
6374 139
6375 168
6376 157
6377 153
6378 130
6379 127
6380 150
6381 148
6382 151
6383 142
6384 131
6385 131
6386 137
6387 149
6388 174
6389 162
6390 167
6391 157
6392 140
6393 162
6394 130
6395 148
6396 165
6397 170
6398 147
6399 155
6400 146
6401 114
6402 137
6403 146
6404 158
6405 162
6406 142
6407 127
6408 155
6409 134
6410 112
6411 144
6412 150
6413 145
6414 129
6415 152
6416 128
6417 127
6418 172
6419 147
6420 146
6421 173
6422 124
6423 188
6424 114
6425 174
6426 175
6427 132
6428 106
6429 148
6430 103
6431 174
6432 140
6433 160
6434 155
6435 145
6436 130
6437 147
6438 151
6439 156
6440 161
6441 127
6442 133
6443 123
6444 140
6445 138
6446 143
6447 154
6448 161
6449 138
6450 144
6451 170
6452 134
6453 111
6454 156
6455 125
6456 135
6457 140
6458 184
6459 124
6460 154
6461 146
6462 159
6463 165
6464 144
6465 156
6466 143
6467 156
6468 146
6469 139
6470 127
6471 138
6472 165
6473 166
6474 106
6475 153
6476 165
6477 151
6478 155
6479 155
6480 145
6481 133
6482 144
6483 160
6484 153
6485 153
6486 138
6487 135
6488 137
6489 142
6490 155
6491 158
6492 135
6493 170
6494 128
6495 154
6496 145
6497 137
6498 137
6499 126
6500 159
6501 175
6502 142
6503 152
6504 169
6505 161
6506 170
6507 146
6508 147
6509 154
6510 105
6511 157
6512 126
6513 180
6514 140
6515 156
6516 154
6517 159
6518 149
6519 137
6520 145
6521 159
6522 179
6523 138
6524 155
6525 134
6526 147
6527 157
6528 165
6529 193
6530 136
6531 191
6532 196
6533 136
6534 176
6535 145
6536 147
6537 152
6538 143
6539 98
6540 129
6541 152
6542 136
6543 150
6544 134
6545 182
6546 147
6547 118
6548 111
6549 160
6550 156
6551 122
6552 163
6553 149
6554 123
6555 133
6556 149
6557 160
6558 158
6559 110
6560 161
6561 144
6562 139
6563 155
6564 165
6565 142
6566 146
6567 110
6568 130
6569 124
6570 126
6571 160
6572 164
6573 181
6574 144
6575 118
6576 124
6577 155
6578 148
6579 160
6580 135
6581 129
6582 132
6583 149
6584 132
6585 135
6586 136
6587 154
6588 121
6589 119
6590 125
6591 162
6592 140
6593 159
6594 171
6595 117
6596 149
6597 168
6598 145
6599 147
6600 129
6601 144
6602 151
6603 188
6604 151
6605 133
6606 139
6607 143
6608 158
6609 161
6610 143
6611 129
6612 129
6613 144
6614 126
6615 172
6616 161
6617 161
6618 158
6619 169
6620 117
6621 143
6622 170
6623 142
6624 145
6625 142
6626 152
6627 105
6628 151
6629 150
6630 117
6631 145
6632 166
6633 160
6634 122
6635 167
6636 150
6637 125
6638 148
6639 169
6640 145
6641 159
6642 133
6643 126
6644 152
6645 160
6646 136
6647 121
6648 139
6649 152
6650 148
6651 145
6652 159
6653 153
6654 140
6655 85
6656 123
6657 138
6658 139
6659 166
6660 126
6661 168
6662 153
6663 150
6664 146
6665 154
6666 167
6667 147
6668 151
6669 157
6670 114
6671 122
6672 179
6673 149
6674 128
6675 162
6676 150
6677 139
6678 186
6679 155
6680 152
6681 121
6682 152
6683 150
6684 142
6685 136
6686 157
6687 156
6688 146
6689 147
6690 184
6691 191
6692 175
6693 139
6694 167
6695 136
6696 124
6697 153
6698 153
6699 174
6700 145
6701 167
6702 176
6703 131
6704 155
6705 165
6706 153
6707 144
6708 145
6709 115
6710 130
6711 140
6712 152
6713 154
6714 145
6715 185
6716 147
6717 138
6718 145
6719 138
6720 140
6721 114
6722 163
6723 115
6724 166
6725 161
6726 150
6727 171
6728 121
6729 185
6730 135
6731 160
6732 187
6733 143
6734 161
6735 155
6736 151
6737 143
6738 170
6739 126
6740 170
6741 176
6742 140
6743 149
6744 159
6745 143
6746 126
6747 165
6748 148
6749 133
6750 152
6751 157
6752 134
6753 147
6754 157
6755 157
6756 140
6757 142
6758 135
6759 146
6760 87
6761 113
6762 157
6763 173
6764 144
6765 124
6766 144
6767 133
6768 135
6769 138
6770 126
6771 123
6772 161
6773 141
6774 135
6775 161
6776 156
6777 142
6778 124
6779 138
6780 151
6781 157
6782 157
6783 139
6784 160
6785 130
6786 145
6787 138
6788 136
6789 78
6790 142
6791 142
6792 171
6793 131
6794 127
6795 149
6796 137
6797 166
6798 149
6799 160
6800 156
6801 128
6802 157
6803 170
6804 113
6805 135
6806 168
6807 121
6808 129
6809 156
6810 138
6811 138
6812 140
6813 147
6814 167
6815 145
6816 139
6817 153
6818 128
6819 136
6820 169
6821 128
6822 157
6823 128
6824 130
6825 156
6826 119
6827 127
6828 163
6829 166
6830 125
6831 153
6832 152
6833 140
6834 151
6835 127
6836 132
6837 141
6838 157
6839 139
6840 142
6841 146
6842 171
6843 133
6844 145
6845 151
6846 123
6847 149
6848 173
6849 110
6850 169
6851 193
6852 194
6853 153
6854 147
6855 150
6856 154
6857 145
6858 136
6859 162
6860 151
6861 171
6862 123
6863 180
6864 136
6865 140
6866 178
6867 182
6868 158
6869 130
6870 131
6871 133
6872 139
6873 128
6874 187
6875 144
6876 162
6877 145
6878 120
6879 130
6880 144
6881 140
6882 158
6883 170
6884 174
6885 134
6886 159
6887 139
6888 148
6889 140
6890 168
6891 142
6892 128
6893 166
6894 145
6895 122
6896 157
6897 147
6898 163
6899 149
6900 137
6901 164
6902 162
6903 141
6904 153
6905 161
6906 164
6907 174
6908 157
6909 145
6910 149
6911 149
6912 148
6913 147
6914 154
6915 146
6916 168
6917 153
6918 133
6919 127
6920 156
6921 154
6922 142
6923 143
6924 131
6925 158
6926 158
6927 165
6928 123
6929 175
6930 114
6931 133
6932 162
6933 163
6934 147
6935 130
6936 157
6937 183
6938 127
6939 123
6940 159
6941 186
6942 156
6943 158
6944 126
6945 165
6946 178
6947 124
6948 150
6949 154
6950 132
6951 161
6952 150
6953 138
6954 153
6955 177
6956 168
6957 160
6958 108
6959 141
6960 167
6961 145
6962 167
6963 149
6964 168
6965 194
6966 165
6967 126
6968 144
6969 151
6970 137
6971 167
6972 109
6973 152
6974 151
6975 153
6976 128
6977 149
6978 117
6979 148
6980 122
6981 153
6982 141
6983 162
6984 126
6985 152
6986 134
6987 151
6988 169
6989 168
6990 132
6991 149
6992 126
6993 139
6994 112
6995 129
6996 91
6997 145
6998 131
6999 66
7000 159
7001 143
7002 107
7003 150
7004 153
7005 125
7006 147
7007 129
7008 123
7009 151
7010 146
7011 147
7012 158
7013 133
7014 166
7015 150
7016 101
7017 174
7018 153
7019 144
7020 158
7021 131
7022 124
7023 141
7024 138
7025 175
7026 129
7027 163
7028 160
7029 175
7030 147
7031 146
7032 162
7033 174
7034 148
7035 154
7036 136
7037 152
7038 143
7039 144
7040 128
7041 154
7042 138
7043 153
7044 100
7045 148
7046 174
7047 159
7048 161
7049 139
7050 139
7051 140
7052 144
7053 120
7054 155
7055 147
7056 170
7057 149
7058 128
7059 144
7060 148
7061 165
7062 167
7063 142
7064 151
7065 149
7066 188
7067 184
7068 171
7069 120
7070 146
7071 174
7072 138
7073 142
7074 149
7075 164
7076 127
7077 144
7078 157
7079 135
7080 168
7081 128
7082 153
7083 84
7084 130
7085 144
7086 143
7087 135
7088 135
7089 124
7090 178
7091 124
7092 172
7093 143
7094 116
7095 141
7096 120
7097 143
7098 119
7099 125
7100 154
7101 126
7102 154
7103 126
7104 111
7105 129
7106 177
7107 160
7108 138
7109 158
7110 164
7111 135
7112 147
7113 148
7114 135
7115 151
7116 158
7117 136
7118 108
7119 169
7120 164
7121 138
7122 139
7123 145
7124 157
7125 155
7126 151
7127 131
7128 143
7129 179
7130 155
7131 150
7132 157
7133 125
7134 127
7135 181
7136 141
7137 148
7138 144
7139 165
7140 155
7141 141
7142 116
7143 149
7144 135
7145 144
7146 118
7147 125
7148 144
7149 149
7150 158
7151 160
7152 149
7153 162
7154 148
7155 161
7156 156
7157 167
7158 132
7159 161
7160 125
7161 143
7162 168
7163 156
7164 172
7165 147
7166 169
7167 142
7168 159
7169 146
7170 155
7171 160
7172 140
7173 144
7174 141
7175 143
7176 169
7177 151
7178 136
7179 152
7180 137
7181 142
7182 105
7183 149
7184 134
7185 150
7186 139
7187 119
7188 163
7189 123
7190 196
7191 146
7192 158
7193 138
7194 140
7195 102
7196 155
7197 120
7198 131
7199 97
7200 171
7201 137
7202 159
7203 144
7204 152
7205 186
7206 130
7207 154
7208 154
7209 152
7210 147
7211 138
7212 137
7213 137
7214 153
7215 132
7216 167
7217 178
7218 164
7219 124
7220 147
7221 127
7222 149
7223 152
7224 142
7225 116
7226 149
7227 141
7228 130
7229 150
7230 155
7231 149
7232 156
7233 153
7234 146
7235 124
7236 189
7237 108
7238 124
7239 166
7240 148
7241 146
7242 138
7243 131
7244 151
7245 153
7246 145
7247 173
7248 162
7249 147
7250 128
7251 155
7252 155
7253 124
7254 154
7255 136
7256 150
7257 163
7258 141
7259 145
7260 131
7261 160
7262 148
7263 138
7264 158
7265 127
7266 157
7267 144
7268 136
7269 155
7270 154
7271 128
7272 137
7273 165
7274 145
7275 134
7276 161
7277 136
7278 166
7279 133
7280 161
7281 148
7282 137
7283 167
7284 149
7285 139
7286 144
7287 131
7288 148
7289 128
7290 142
7291 123
7292 131
7293 138
7294 193
7295 151
7296 153
7297 138
7298 163
7299 136
7300 112
7301 150
7302 153
7303 146
7304 134
7305 161
7306 149
7307 156
7308 135
7309 147
7310 191
7311 149
7312 125
7313 124
7314 168
7315 159
7316 140
7317 172
7318 148
7319 178
7320 153
7321 144
7322 145
7323 158
7324 129
7325 156
7326 161
7327 186
7328 137
7329 138
7330 132
7331 177
7332 147
7333 129
7334 149
7335 181
7336 146
7337 157
7338 150
7339 154
7340 152
7341 143
7342 149
7343 149
7344 157
7345 129
7346 124
7347 120
7348 170
7349 161
7350 148
7351 149
7352 151
7353 152
7354 136
7355 161
7356 159
7357 141
7358 156
7359 139
7360 137
7361 128
7362 156
7363 163
7364 132
7365 166
7366 118
7367 149
7368 194
7369 114
7370 207
7371 150
7372 111
7373 121
7374 146
7375 140
7376 135
7377 131
7378 166
7379 151
7380 150
7381 142
7382 184
7383 155
7384 144
7385 149
7386 147
7387 147
7388 162
7389 142
7390 138
7391 151
7392 139
7393 139
7394 163
7395 140
7396 151
7397 148
7398 157
7399 173
7400 185
7401 149
7402 145
7403 164
7404 172
7405 161
7406 164
7407 183
7408 139
7409 162
7410 126
7411 150
7412 138
7413 132
7414 150
7415 141
7416 140
7417 148
7418 147
7419 122
7420 135
7421 188
7422 134
7423 155
7424 188
7425 157
7426 138
7427 146
7428 134
7429 177
7430 150
7431 139
7432 133
7433 143
7434 162
7435 113
7436 102
7437 147
7438 145
7439 135
7440 156
7441 162
7442 131
7443 134
7444 147
7445 161
7446 148
7447 134
7448 149
7449 130
7450 161
7451 154
7452 129
7453 106
7454 144
7455 165
7456 147
7457 189
7458 158
7459 160
7460 148
7461 149
7462 154
7463 140
7464 142
7465 127
7466 118
7467 153
7468 177
7469 147
7470 141
7471 165
7472 179
7473 166
7474 123
7475 129
7476 109
7477 153
7478 182
7479 120
7480 143
7481 129
7482 141
7483 180
7484 140
7485 156
7486 129
7487 138
7488 146
7489 138
7490 141
7491 148
7492 128
7493 167
7494 190
7495 190
7496 144
7497 188
7498 152
7499 157
7500 161
7501 134
7502 143
7503 195
7504 178
7505 155
7506 155
7507 152
7508 146
7509 141
7510 148
7511 145
7512 154
7513 158
7514 147
7515 179
7516 141
7517 103
7518 131
7519 143
7520 158
7521 187
7522 151
7523 146
7524 140
7525 120
7526 146
7527 145
7528 199
7529 148
7530 129
7531 133
7532 108
7533 159
7534 136
7535 132
7536 128
7537 162
7538 140
7539 134
7540 167
7541 129
7542 142
7543 154
7544 170
7545 119
7546 144
7547 145
7548 157
7549 165
7550 162
7551 141
7552 139
7553 121
7554 185
7555 169
7556 100
7557 134
7558 123
7559 139
7560 139
7561 148
7562 157
7563 145
7564 168
7565 177
7566 157
7567 139
7568 112
7569 135
7570 136
7571 123
7572 131
7573 155
7574 141
7575 115
7576 138
7577 135
7578 137
7579 157
7580 116
7581 153
7582 130
7583 161
7584 145
7585 129
7586 108
7587 157
7588 151
7589 151
7590 151
7591 128
7592 139
7593 163
7594 132
7595 169
7596 149
7597 143
7598 138
7599 149
7600 176
7601 144
7602 163
7603 155
7604 146
7605 140
7606 120
7607 158
7608 194
7609 162
7610 130
7611 146
7612 121
7613 169
7614 172
7615 168
7616 176
7617 108
7618 132
7619 144
7620 132
7621 150
7622 171
7623 148
7624 111
7625 137
7626 137
7627 161
7628 159
7629 169
7630 142
7631 141
7632 102
7633 151
7634 127
7635 111
7636 152
7637 151
7638 142
7639 167
7640 152
7641 167
7642 163
7643 151
7644 160
7645 164
7646 150
7647 151
7648 96
7649 178
7650 120
7651 153
7652 145
7653 136
7654 161
7655 146
7656 160
7657 145
7658 141
7659 136
7660 149
7661 140
7662 137
7663 155
7664 159
7665 132
7666 114
7667 136
7668 155
7669 180
7670 114
7671 160
7672 150
7673 120
7674 129
7675 129
7676 141
7677 118
7678 167
7679 129
7680 151
7681 160
7682 129
7683 148
7684 151
7685 132
7686 180
7687 158
7688 128
7689 155
7690 176
7691 149
7692 183
7693 146
7694 130
7695 150
7696 141
7697 170
7698 171
7699 119
7700 131
7701 158
7702 162
7703 149
7704 165
7705 143
7706 139
7707 127
7708 155
7709 184
7710 117
7711 154
7712 119
7713 163
7714 149
7715 145
7716 153
7717 139
7718 113
7719 142
7720 115
7721 147
7722 128
7723 156
7724 116
7725 155
7726 156
7727 133
7728 154
7729 160
7730 125
7731 129
7732 165
7733 95
7734 134
7735 131
7736 167
7737 150
7738 131
7739 173
7740 166
7741 140
7742 159
7743 151
7744 160
7745 149
7746 149
7747 115
7748 157
7749 114
7750 144
7751 135
7752 185
7753 158
7754 145
7755 125
7756 162
7757 136
7758 135
7759 166
7760 131
7761 136
7762 147
7763 168
7764 155
7765 139
7766 146
7767 141
7768 123
7769 142
7770 173
7771 128
7772 145
7773 158
7774 140
7775 151
7776 132
7777 170
7778 130
7779 148
7780 130
7781 80
7782 143
7783 127
7784 138
7785 152
7786 153
7787 116
7788 168
7789 139
7790 164
7791 121
7792 138
7793 159
7794 152
7795 131
7796 153
7797 158
7798 132
7799 157
7800 147
7801 154
7802 123
7803 127
7804 154
7805 162
7806 148
7807 127
7808 135
7809 134
7810 167
7811 144
7812 143
7813 118
7814 150
7815 145
7816 164
7817 144
7818 161
7819 134
7820 174
7821 143
7822 143
7823 172
7824 139
7825 193
7826 119
7827 144
7828 135
7829 121
7830 142
7831 187
7832 153
7833 149
7834 171
7835 119
7836 148
7837 142
7838 138
7839 134
7840 150
7841 163
7842 145
7843 139
7844 159
7845 111
7846 102
7847 155
7848 156
7849 167
7850 135
7851 129
7852 125
7853 163
7854 141
7855 141
7856 146
7857 135
7858 185
7859 134
7860 138
7861 136
7862 156
7863 128
7864 141
7865 114
7866 129
7867 157
7868 135
7869 137
7870 140
7871 121
7872 154
7873 177
7874 135
7875 147
7876 144
7877 109
7878 130
7879 121
7880 167
7881 170
7882 161
7883 147
7884 133
7885 140
7886 175
7887 156
7888 99
7889 123
7890 119
7891 149
7892 143
7893 117
7894 155
7895 124
7896 165
7897 172
7898 181
7899 163
7900 146
7901 118
7902 145
7903 130
7904 161
7905 170
7906 127
7907 143
7908 163
7909 134
7910 136
7911 171
7912 176
7913 139
7914 134
7915 154
7916 170
7917 172
7918 136
7919 142
7920 156
7921 123
7922 158
7923 139
7924 161
7925 168
7926 112
7927 145
7928 161
7929 147
7930 187
7931 151
7932 160
7933 156
7934 157
7935 124
7936 149
7937 157
7938 141
7939 132
7940 152
7941 157
7942 160
7943 138
7944 185
7945 146
7946 141
7947 146
7948 134
7949 165
7950 177
7951 157
7952 111
7953 132
7954 143
7955 146
7956 144
7957 138
7958 128
7959 156
7960 146
7961 163
7962 136
7963 145
7964 160
7965 151
7966 132
7967 138
7968 139
7969 166
7970 139
7971 153
7972 145
7973 167
7974 138
7975 115
7976 138
7977 137
7978 139
7979 131
7980 126
7981 141
7982 133
7983 132
7984 146
7985 148
7986 138
7987 143
7988 129
7989 122
7990 129
7991 133
7992 161
7993 156
7994 168
7995 119
7996 180
7997 149
7998 157
7999 167
8000 144
8001 146
8002 151
8003 158
8004 120
8005 151
8006 126
8007 154
8008 155
8009 151
8010 182
8011 156
8012 158
8013 147
8014 158
8015 124
8016 136
8017 147
8018 169
8019 158
8020 150
8021 164
8022 156
8023 171
8024 170
8025 136
8026 153
8027 128
8028 142
8029 130
8030 171
8031 167
8032 128
8033 142
8034 162
8035 174
8036 125
8037 132
8038 133
8039 154
8040 163
8041 131
8042 186
8043 133
8044 147
8045 125
8046 142
8047 131
8048 122
8049 183
8050 146
8051 162
8052 155
8053 166
8054 162
8055 160
8056 178
8057 127
8058 153
8059 169
8060 137
8061 163
8062 145
8063 138
8064 122
8065 121
8066 155
8067 143
8068 153
8069 163
8070 122
8071 129
8072 130
8073 168
8074 136
8075 130
8076 148
8077 134
8078 169
8079 127
8080 141
8081 157
8082 132
8083 134
8084 136
8085 161
8086 159
8087 143
8088 198
8089 197
8090 141
8091 126
8092 165
8093 125
8094 138
8095 133
8096 156
8097 226
8098 121
8099 160
8100 144
8101 134
8102 127
8103 137
8104 139
8105 163
8106 158
8107 147
8108 150
8109 125
8110 205
8111 161
8112 181
8113 120
8114 116
8115 168
8116 214
8117 204
8118 144
8119 171
8120 134
8121 153
8122 144
8123 149
8124 151
8125 141
8126 157
8127 134
8128 153
8129 149
8130 149
8131 199
8132 155
8133 153
8134 164
8135 155
8136 160
8137 150
8138 156
8139 145
8140 146
8141 167
8142 133
8143 158
8144 157
8145 162
8146 152
8147 164
8148 163
8149 179
8150 164
8151 143
8152 147
8153 141
8154 131
8155 116
8156 175
8157 147
8158 147
8159 133
8160 129
8161 124
8162 139
8163 155
8164 125
8165 133
8166 166
8167 141
8168 141
8169 147
8170 169
8171 138
8172 132
8173 164
8174 110
8175 172
8176 167
8177 176
8178 114
8179 145
8180 154
8181 175
8182 143
8183 141
8184 122
8185 161
8186 144
8187 139
8188 127
8189 138
8190 142
8191 164
8192 161
8193 151
8194 171
8195 166
8196 93
8197 195
8198 153
8199 120
8200 147
8201 127
8202 150
8203 145
8204 113
8205 143
8206 164
8207 135
8208 155
8209 144
8210 197
8211 171
8212 152
8213 128
8214 126
8215 107
8216 122
8217 141
8218 156
8219 136
8220 157
8221 150
8222 150
8223 127
8224 137
8225 149
8226 114
8227 158
8228 152
8229 162
8230 158
8231 146
8232 147
8233 147
8234 158
8235 152
8236 164
8237 158
8238 136
8239 159
8240 117
8241 122
8242 156
8243 167
8244 134
8245 149
8246 171
8247 141
8248 186
8249 145
8250 172
8251 130
8252 143
8253 184
8254 150
8255 138
8256 108
8257 156
8258 174
8259 140
8260 142
8261 145
8262 148
8263 99
8264 184
8265 175
8266 148
8267 155
8268 112
8269 157
8270 145
8271 147
8272 152
8273 151
8274 134
8275 117
8276 161
8277 149
8278 151
8279 165
8280 129
8281 153
8282 138
8283 142
8284 159
8285 141
8286 135
8287 134
8288 122
8289 168
8290 153
8291 151
8292 97
8293 148
8294 143
8295 162
8296 164
8297 126
8298 166
8299 136
8300 159
8301 147
8302 158
8303 149
8304 149
8305 151
8306 151
8307 154
8308 118
8309 154
8310 151
8311 128
8312 137
8313 126
8314 136
8315 176
8316 152
8317 140
8318 168
8319 156
8320 137
8321 186
8322 128
8323 128
8324 159
8325 137
8326 156
8327 160
8328 136
8329 164
8330 141
8331 147
8332 148
8333 136
8334 149
8335 168
8336 150
8337 151
8338 136
8339 170
8340 145
8341 119
8342 133
8343 160
8344 165
8345 126
8346 165
8347 145
8348 137
8349 158
8350 149
8351 158
8352 157
8353 120
8354 131
8355 105
8356 124
8357 154
8358 165
8359 140
8360 161
8361 136
8362 155
8363 157
8364 153
8365 149
8366 145
8367 149
8368 156
8369 124
8370 139
8371 103
8372 124
8373 128
8374 165
8375 150
8376 149
8377 157
8378 172
8379 144
8380 139
8381 141
8382 113
8383 130
8384 168
8385 141
8386 143
8387 139
8388 140
8389 140
8390 149
8391 143
8392 137
8393 132
8394 137
8395 117
8396 169
8397 138
8398 138
8399 160
8400 134
8401 157
8402 165
8403 145
8404 139
8405 142
8406 177
8407 116
8408 144
8409 148
8410 145
8411 154
8412 183
8413 116
8414 177
8415 151
8416 129
8417 144
8418 151
8419 139
8420 135
8421 160
8422 136
8423 151
8424 169
8425 122
8426 151
8427 153
8428 141
8429 165
8430 140
8431 177
8432 150
8433 138
8434 127
8435 155
8436 136
8437 155
8438 168
8439 145
8440 124
8441 166
8442 134
8443 181
8444 146
8445 144
8446 149
8447 128
8448 153
8449 142
8450 145
8451 154
8452 141
8453 149
8454 140
8455 161
8456 146
8457 144
8458 158
8459 156
8460 118
8461 164
8462 166
8463 166
8464 143
8465 152
8466 150
8467 147
8468 149
8469 151
8470 166
8471 165
8472 125
8473 158
8474 141
8475 153
8476 164
8477 108
8478 127
8479 162
8480 156
8481 148
8482 136
8483 124
8484 156
8485 138
8486 114
8487 121
8488 142
8489 147
8490 121
8491 156
8492 143
8493 164
8494 136
8495 132
8496 150
8497 138
8498 160
8499 139
8500 130
8501 148
8502 158
8503 167
8504 168
8505 197
8506 182
8507 147
8508 145
8509 128
8510 150
8511 145
8512 148
8513 149
8514 121
8515 134
8516 144
8517 146
8518 145
8519 156
8520 155
8521 143
8522 150
8523 153
8524 178
8525 143
8526 136
8527 147
8528 138
8529 203
8530 145
8531 167
8532 129
8533 163
8534 144
8535 142
8536 143
8537 129
8538 135
8539 145
8540 181
8541 143
8542 109
8543 129
8544 166
8545 143
8546 125
8547 135
8548 131
8549 138
8550 157
8551 133
8552 87
8553 118
8554 152
8555 129
8556 129
8557 118
8558 153
8559 144
8560 123
8561 169
8562 87
8563 131
8564 159
8565 176
8566 132
8567 194
8568 154
8569 153
8570 136
8571 147
8572 177
8573 171
8574 151
8575 184
8576 159
8577 143
8578 130
8579 141
8580 153
8581 133
8582 148
8583 143
8584 151
8585 141
8586 119
8587 143
8588 149
8589 144
8590 152
8591 192
8592 148
8593 179
8594 154
8595 168
8596 170
8597 119
8598 157
8599 173
8600 149
8601 140
8602 158
8603 163
8604 141
8605 130
8606 173
8607 128
8608 139
8609 166
8610 134
8611 183
8612 170
8613 147
8614 120
8615 131
8616 159
8617 137
8618 151
8619 145
8620 151
8621 135
8622 165
8623 136
8624 172
8625 160
8626 159
8627 161
8628 162
8629 168
8630 144
8631 149
8632 153
8633 153
8634 142
8635 143
8636 140
8637 144
8638 149
8639 146
8640 155
8641 151
8642 148
8643 149
8644 143
8645 129
8646 126
8647 142
8648 158
8649 161
8650 90
8651 123
8652 135
8653 123
8654 155
8655 173
8656 181
8657 133
8658 168
8659 119
8660 141
8661 136
8662 170
8663 136
8664 143
8665 162
8666 181
8667 157
8668 142
8669 148
8670 134
8671 128
8672 159
8673 124
8674 201
8675 145
8676 167
8677 153
8678 149
8679 156
8680 147
8681 162
8682 149
8683 150
8684 166
8685 112
8686 132
8687 128
8688 148
8689 165
8690 143
8691 137
8692 145
8693 132
8694 141
8695 139
8696 157
8697 142
8698 113
8699 138
8700 150
8701 122
8702 130
8703 124
8704 179
8705 157
8706 156
8707 154
8708 141
8709 145
8710 133
8711 167
8712 134
8713 150
8714 163
8715 158
8716 136
8717 150
8718 163
8719 154
8720 148
8721 137
8722 155
8723 141
8724 153
8725 120
8726 124
8727 154
8728 135
8729 150
8730 172
8731 106
8732 146
8733 169
8734 151
8735 145
8736 146
8737 151
8738 156
8739 118
8740 131
8741 159
8742 150
8743 118
8744 133
8745 142
8746 146
8747 156
8748 162
8749 165
8750 149
8751 141
8752 148
8753 163
8754 143
8755 130
8756 127
8757 152
8758 144
8759 163
8760 178
8761 128
8762 91
8763 163
8764 131
8765 143
8766 130
8767 135
8768 149
8769 159
8770 150
8771 158
8772 93
8773 136
8774 164
8775 145
8776 157
8777 149
8778 159
8779 134
8780 172
8781 140
8782 152
8783 140
8784 169
8785 167
8786 165
8787 171
8788 109
8789 154
8790 98
8791 127
8792 139
8793 180
8794 149
8795 112
8796 135
8797 160
8798 141
8799 132
8800 133
8801 134
8802 138
8803 114
8804 173
8805 152
8806 133
8807 183
8808 152
8809 155
8810 137
8811 147
8812 138
8813 163
8814 157
8815 147
8816 135
8817 145
8818 146
8819 155
8820 138
8821 154
8822 113
8823 167
8824 124
8825 136
8826 167
8827 146
8828 158
8829 143
8830 133
8831 90
8832 136
8833 106
8834 188
8835 147
8836 157
8837 143
8838 149
8839 142
8840 154
8841 144
8842 143
8843 151
8844 139
8845 147
8846 137
8847 150
8848 196
8849 116
8850 120
8851 123
8852 166
8853 115
8854 172
8855 142
8856 161
8857 141
8858 172
8859 152
8860 157
8861 134
8862 164
8863 145
8864 166
8865 131
8866 126
8867 144
8868 153
8869 165
8870 135
8871 139
8872 134
8873 151
8874 157
8875 120
8876 144
8877 131
8878 157
8879 154
8880 158
8881 155
8882 125
8883 143
8884 152
8885 151
8886 159
8887 150
8888 114
8889 165
8890 145
8891 90
8892 129
8893 131
8894 174
8895 145
8896 152
8897 133
8898 182
8899 137
8900 178
8901 142
8902 117
8903 156
8904 159
8905 139
8906 148
8907 161
8908 123
8909 125
8910 132
8911 116
8912 147
8913 134
8914 152
8915 137
8916 140
8917 142
8918 152
8919 123
8920 141
8921 154
8922 168
8923 142
8924 124
8925 145
8926 146
8927 160
8928 140
8929 142
8930 141
8931 161
8932 160
8933 141
8934 172
8935 151
8936 183
8937 118
8938 157
8939 175
8940 186
8941 153
8942 129
8943 147
8944 149
8945 155
8946 154
8947 157
8948 146
8949 155
8950 173
8951 144
8952 146
8953 137
8954 170
8955 163
8956 129
8957 166
8958 157
8959 168
8960 132
8961 138
8962 141
8963 130
8964 163
8965 133
8966 131
8967 149
8968 137
8969 123
8970 167
8971 129
8972 142
8973 149
8974 135
8975 149
8976 130
8977 147
8978 120
8979 140
8980 160
8981 93
8982 160
8983 133
8984 141
8985 153
8986 117
8987 136
8988 130
8989 166
8990 160
8991 145
8992 153
8993 135
8994 148
8995 156
8996 176
8997 131
8998 140
8999 146
9000 121
9001 114
9002 132
9003 172
9004 108
9005 149
9006 132
9007 165
9008 159
9009 134
9010 142
9011 146
9012 130
9013 107
9014 167
9015 174
9016 177
9017 176
9018 133
9019 151
9020 124
9021 153
9022 171
9023 157
9024 151
9025 151
9026 148
9027 119
9028 135
9029 147
9030 156
9031 145
9032 147
9033 154
9034 137
9035 159
9036 118
9037 157
9038 159
9039 161
9040 114
9041 150
9042 131
9043 133
9044 129
9045 143
9046 120
9047 151
9048 147
9049 160
9050 125
9051 158
9052 143
9053 129
9054 125
9055 123
9056 159
9057 149
9058 138
9059 115
9060 184
9061 141
9062 155
9063 170
9064 143
9065 161
9066 136
9067 139
9068 146
9069 106
9070 132
9071 132
9072 127
9073 142
9074 156
9075 171
9076 154
9077 141
9078 161
9079 134
9080 148
9081 158
9082 115
9083 110
9084 156
9085 161
9086 150
9087 122
9088 170
9089 128
9090 145
9091 129
9092 135
9093 138
9094 150
9095 116
9096 139
9097 158
9098 96
9099 163
9100 182
9101 184
9102 145
9103 151
9104 136
9105 153
9106 142
9107 151
9108 183
9109 134
9110 143
9111 145
9112 176
9113 126
9114 136
9115 137
9116 148
9117 135
9118 135
9119 145
9120 150
9121 170
9122 126
9123 149
9124 151
9125 118
9126 148
9127 141
9128 136
9129 113
9130 78
9131 166
9132 119
9133 157
9134 142
9135 91
9136 150
9137 126
9138 175
9139 143
9140 135
9141 130
9142 164
9143 170
9144 104
9145 118
9146 137
9147 132
9148 147
9149 167
9150 116
9151 150
9152 173
9153 128
9154 166
9155 160
9156 129
9157 140
9158 149
9159 153
9160 141
9161 179
9162 158
9163 141
9164 149
9165 156
9166 151
9167 164
9168 165
9169 149
9170 135
9171 169
9172 141
9173 169
9174 148
9175 163
9176 152
9177 125
9178 138
9179 119
9180 119
9181 141
9182 143
9183 136
9184 128
9185 185
9186 146
9187 138
9188 131
9189 138
9190 130
9191 156
9192 163
9193 127
9194 142
9195 141
9196 122
9197 132
9198 160
9199 162
9200 136
9201 129
9202 139
9203 118
9204 158
9205 139
9206 175
9207 161
9208 124
9209 120
9210 137
9211 152
9212 158
9213 132
9214 122
9215 152
9216 143
9217 141
9218 119
9219 125
9220 140
9221 157
9222 139
9223 97
9224 130
9225 138
9226 137
9227 175
9228 130
9229 164
9230 124
9231 119
9232 163
9233 136
9234 128
9235 137
9236 129
9237 175
9238 137
9239 138
9240 154
9241 147
9242 128
9243 158
9244 109
9245 183
9246 142
9247 170
9248 201
9249 134
9250 176
9251 149
9252 146
9253 172
9254 166
9255 122
9256 128
9257 212
9258 150
9259 131
9260 171
9261 177
9262 155
9263 130
9264 143
9265 166
9266 202
9267 146
9268 141
9269 155
9270 153
9271 118
9272 159
9273 162
9274 140
9275 156
9276 121
9277 187
9278 126
9279 70
9280 136
9281 134
9282 111
9283 130
9284 152
9285 136
9286 158
9287 154
9288 146
9289 142
9290 147
9291 128
9292 138
9293 138
9294 135
9295 108
9296 161
9297 148
9298 122
9299 151
9300 150
9301 136
9302 138
9303 166
9304 149
9305 153
9306 137
9307 153
9308 138
9309 131
9310 136
9311 95
9312 143
9313 155
9314 141
9315 83
9316 139
9317 156
9318 144
9319 132
9320 118
9321 151
9322 127
9323 139
9324 116
9325 153
9326 160
9327 166
9328 156
9329 138
9330 164
9331 149
9332 133
9333 159
9334 142
9335 148
9336 151
9337 152
9338 173
9339 110
9340 125
9341 183
9342 179
9343 128
9344 138
9345 129
9346 121
9347 129
9348 148
9349 135
9350 136
9351 187
9352 119
9353 148
9354 138
9355 162
9356 132
9357 125
9358 145
9359 177
9360 121
9361 138
9362 85
9363 143
9364 160
9365 158
9366 132
9367 179
9368 137
9369 149
9370 126
9371 175
9372 164
9373 127
9374 161
9375 135
9376 174
9377 122
9378 156
9379 170
9380 129
9381 151
9382 144
9383 182
9384 115
9385 120
9386 140
9387 155
9388 101
9389 135
9390 134
9391 136
9392 135
9393 165
9394 120
9395 161
9396 143
9397 121
9398 159
9399 141
9400 149
9401 131
9402 177
9403 147
9404 121
9405 108
9406 126
9407 120
9408 163
9409 141
9410 133
9411 151
9412 175
9413 115
9414 177
9415 161
9416 156
9417 141
9418 128
9419 167
9420 127
9421 182
9422 180
9423 150
9424 150
9425 167
9426 139
9427 134
9428 145
9429 153
9430 148
9431 180
9432 152
9433 140
9434 156
9435 157
9436 140
9437 163
9438 122
9439 132
9440 131
9441 140
9442 114
9443 158
9444 134
9445 134
9446 140
9447 151
9448 150
9449 169
9450 133
9451 136
9452 134
9453 140
9454 139
9455 140
9456 132
9457 167
9458 125
9459 137
9460 167
9461 143
9462 141
9463 159
9464 153
9465 143
9466 165
9467 145
9468 148
9469 149
9470 145
9471 121
9472 158
9473 147
9474 148
9475 167
9476 193
9477 172
9478 144
9479 135
9480 155
9481 152
9482 112
9483 150
9484 141
9485 123
9486 144
9487 150
9488 155
9489 165
9490 116
9491 172
9492 130
9493 156
9494 139
9495 158
9496 148
9497 136
9498 124
9499 134
9500 154
9501 159
9502 149
9503 163
9504 138
9505 150
9506 154
9507 141
9508 157
9509 147
9510 151
9511 135
9512 147
9513 141
9514 151
9515 136
9516 141
9517 150
9518 169
9519 124
9520 140
9521 172
9522 143
9523 163
9524 122
9525 144
9526 140
9527 130
9528 137
9529 135
9530 116
9531 173
9532 149
9533 156
9534 129
9535 167
9536 154
9537 151
9538 151
9539 118
9540 158
9541 144
9542 146
9543 166
9544 143
9545 168
9546 166
9547 133
9548 137
9549 127
9550 152
9551 168
9552 134
9553 170
9554 139
9555 149
9556 169
9557 148
9558 142
9559 153
9560 137
9561 157
9562 142
9563 171
9564 138
9565 144
9566 142
9567 112
9568 136
9569 117
9570 160
9571 108
9572 117
9573 153
9574 179
9575 129
9576 109
9577 141
9578 127
9579 110
9580 179
9581 136
9582 160
9583 145
9584 173
9585 115
9586 139
9587 151
9588 178
9589 131
9590 110
9591 134
9592 150
9593 171
9594 129
9595 97
9596 138
9597 162
9598 133
9599 151
9600 136
9601 144
9602 169
9603 146
9604 138
9605 130
9606 104
9607 161
9608 136
9609 140
9610 155
9611 158
9612 129
9613 146
9614 111
9615 162
9616 156
9617 148
9618 144
9619 158
9620 127
9621 119
9622 158
9623 167
9624 153
9625 145
9626 146
9627 142
9628 139
9629 186
9630 164
9631 150
9632 174
9633 146
9634 148
9635 142
9636 156
9637 147
9638 130
9639 135
9640 138
9641 139
9642 126
9643 106
9644 181
9645 138
9646 165
9647 153
9648 151
9649 135
9650 131
9651 136
9652 157
9653 193
9654 122
9655 135
9656 150
9657 160
9658 148
9659 149
9660 166
9661 143
9662 133
9663 163
9664 141
9665 159
9666 176
9667 145
9668 145
9669 189
9670 137
9671 175
9672 141
9673 151
9674 165
9675 113
9676 119
9677 149
9678 132
9679 143
9680 138
9681 124
9682 165
9683 158
9684 172
9685 149
9686 161
9687 118
9688 177
9689 157
9690 144
9691 127
9692 156
9693 148
9694 155
9695 157
9696 170
9697 134
9698 162
9699 160
9700 138
9701 147
9702 164
9703 166
9704 147
9705 165
9706 133
9707 137
9708 158
9709 132
9710 150
9711 153
9712 156
9713 161
9714 151
9715 142
9716 140
9717 142
9718 138
9719 162
9720 173
9721 129
9722 127
9723 151
9724 160
9725 129
9726 165
9727 117
9728 153
9729 138
9730 165
9731 162
9732 100
9733 176
9734 130
9735 143
9736 164
9737 143
9738 131
9739 148
9740 173
9741 159
9742 140
9743 142
9744 147
9745 159
9746 142
9747 144
9748 140
9749 153
9750 146
9751 137
9752 125
9753 114
9754 132
9755 149
9756 137
9757 124
9758 156
9759 132
9760 144
9761 166
9762 126
9763 138
9764 164
9765 142
9766 137
9767 161
9768 104
9769 133
9770 154
9771 141
9772 141
9773 142
9774 161
9775 140
9776 127
9777 155
9778 157
9779 154
9780 152
9781 143
9782 114
9783 150
9784 151
9785 118
9786 143
9787 140
9788 179
9789 159
9790 136
9791 146
9792 138
9793 155
9794 122
9795 151
9796 140
9797 154
9798 168
9799 153
9800 127
9801 162
9802 173
9803 130
9804 151
9805 119
9806 167
9807 121
9808 124
9809 162
9810 121
9811 134
9812 144
9813 164
9814 143
9815 120
9816 136
9817 165
9818 128
9819 142
9820 123
9821 145
9822 153
9823 143
9824 163
9825 155
9826 141
9827 147
9828 177
9829 164
9830 183
9831 160
9832 181
9833 128
9834 129
9835 156
9836 168
9837 145
9838 146
9839 154
9840 128
9841 142
9842 148
9843 112
9844 121
9845 114
9846 144
9847 144
9848 130
9849 144
9850 145
9851 142
9852 157
9853 145
9854 174
9855 164
9856 143
9857 162
9858 110
9859 138
9860 129
9861 139
9862 147
9863 145
9864 121
9865 141
9866 127
9867 142
9868 159
9869 138
9870 155
9871 156
9872 165
9873 142
9874 160
9875 146
9876 135
9877 116
9878 170
9879 174
9880 134
9881 123
9882 137
9883 116
9884 155
9885 172
9886 165
9887 130
9888 86
9889 143
9890 202
9891 149
9892 129
9893 162
9894 127
9895 200
9896 147
9897 159
9898 134
9899 145
9900 126
9901 131
9902 176
9903 174
9904 141
9905 152
9906 135
9907 136
9908 104
9909 119
9910 150
9911 141
9912 127
9913 154
9914 156
9915 149
9916 136
9917 147
9918 145
9919 142
9920 136
9921 134
9922 136
9923 142
9924 144
9925 143
9926 112
9927 141
9928 149
9929 132
9930 124
9931 147
9932 179
9933 147
9934 121
9935 157
9936 126
9937 131
9938 141
9939 160
9940 164
9941 135
9942 138
9943 158
9944 151
9945 140
9946 148
9947 132
9948 181
9949 140
9950 175
9951 92
9952 160
9953 159
9954 148
9955 165
9956 152
9957 173
9958 168
9959 157
9960 149
9961 152
9962 145
9963 147
9964 145
9965 172
9966 130
9967 143
9968 144
9969 135
9970 144
9971 165
9972 137
9973 150
9974 131
9975 118
9976 145
9977 171
9978 165
9979 111
9980 133
9981 137
9982 147
9983 199
9984 150
9985 136
9986 142
9987 166
9988 125
9989 137
9990 121
9991 154
9992 156
9993 136
9994 131
9995 146
9996 144
9997 148
9998 147
9999 143
